1690904
5842431
2155660
949963
2837020
1233004
2551835
2523597
2282100
1374220
2894221
1468584
2202146
2111208
4629892
527444
2149604
808443
3343335
127467
2739018
2004333
1734474
1291291
427471
509809
2811062
327992
3301791
1845920
3873366
2763293
1325078
698943
2538003
1977324
1298447
1254082
1502646
1220130
354249
2874039
129050
327989
1695404
325091
2118766
5317608
2489601
2082871
317132
1182412
24973
485775
2453109
2381732
70316
3767135
2500301
319766
596074
5817455
1749715
730893
1933592
1029510
5766327
1025243
2654028
2522170
505451
592402
2682815
2508106
2452742
2526758
1539887
593545
2421525
2063933
206999
2492183
2504868
586996
558142
1426108
1429152
1938836
1428428
458373
958623
1380729
750588
2487171
1755729
1645778
1298252
2682929
545804
1426741
1427762
1312156
2553751
935868
2482310
2406744
2325978