2149604
2111208
2063933
949963
509809
1690904
2654028
2522170
2082871
2894221
2155660
5842431
2874039
327989
3873366
2551835
2837020
2489601
2739018
2523597
1845920
2202146
1291291
808443
958623
4629892
2500301
1374220
1426108
327992
545804
1734474
427471
3301791
127467
2118766
1182412
1539887
1429152
592402
2811062
1325078
1233004
2482310
1427762
354249
3767135
5317608
2406744
2682815
2453109
2763293
2504868
2004333
2282100
1977324
1025243
1254082
3343335
1428428
1749715
1755729
317132
129050
24973
505451
485775
319766
325091
730893
5817455
586996
1468584
527444
698943
70316
2538003
2381732
2452742
2421525
2508106
2325978
1933592
1029510
1220130
750588
1502646
206999
558142
1938836
593545
935868
2492183
596074
1695404
458373
2553751
2526758
1426741
5766327
1380729
1645778
1298447
1312156
2682929
1298252
2487171