1833178
1911547
447353
333707
1837102
437656
1915383
1839682
1828781
2533129
2511244
1834118
449216
1838823
1836613
1851311
1902681
1218161
1836538
332894
332991
2518918
1812969
2112034
449513
1910130
1812738
288784
435959
2643421
1911571
1908317
1908550
1909773
1916129
1837793
289129
507730
575687
1917241
417197
417233
418103
418231
216101
1909577
1910067
385369
1871902
1915902
1851255
1901491
1836584
1328905
2091210
1910590
1822021
1833137
1833587
1834490
1278362
345405
334881
5022398
1909395
1847426
1326981
333043
214957
335257
1917461
1908846
1909430
1909583
1910056
1910443
1917169
1901894
1902294
391151
431051
433366
439269
1852545
1908541
1838034
333765
134424
438185
1911262
1911642
1987183
1908399
1909330
1910441
1867929
1915067
1915910
1915930
1916144
1917229
1851069
1851317
1901797
1901912
1902700
2201931
1825068
1829694
1829707
1843867
1835764
1885302
392610
430462
338699
302347
215124
335941
549827
525023
895288
4611096
5742832
1815245
1911482
1908773
1909413
1910324
1910464
1910512
1851209
1901370
1901619
1902554
1902746
1838822
1839353
1818149
1818890
1819707
1829074
1837468
1836221
1836800
1323876
392146
216025
280077
334563
893522
719856
4472637
4608514
1917434
1901892
1908542
1908543
1910456
1915513
608554
1446245
1774615
212068
2538614
2491394
2514910
1326266
1911045
1911636
1909609
1910212
1868923
1872666
1915751
1915942
1844497
1847939
1850095
1850898
1901279
1901844
1821632
1825181
1825237
1830547
1840635
1840925
1817444
1818007
1819719
1828390
1837368
1838024
1836893
1836939
1814567
612528
1326645
1328535
1463555
1463879
333250
217714
447212
336235
983081
4969503
2291346
4263924
5695348
6030835
1910052
1915379
1901887
2654421
2552082
2794474
2519917
1910617
1910882
1911151
1911297
1911304
1911325
1911402
1911409
1852665
1908630
1908811
1908840
1908843
1909167
1909334
1909379
1909575
1909580
1909581
1909588
1909847
1909896
1910369
1910426
1910459
1910468
1910562
1870186
1870475
1915208
1915236
1915307
1915378
1915424
1915425
1915427
1915915
1916131
1916140
1917113
1917220
1917271
1917442
1846342
1846416
1850603
1850641
1851100
1851254
1851363
1851406
1851502
1851702
1851709
1851732
1851881
1851929
1852089
1901638
1901669
1901720
1902091
1902539
1902714
1902720
2176001
1821942
1823383
1832468
1833315
1833758
1833997
1834148
1834381
1834961
1839957
1840767
1840874
1841574
1841682
1841710
1842275
1842371
1842740
1842756
1842786
1816022
1812888
1780418
1825819
1826218
1828883
1836856
1836935
1836980
1000339
1329659
3194829
3133056
1508230
1774268
1774508
1774617
1774664
1743634
1448542
1516412
419242
338985
289663
286462
309661
211944
212256
212274
213647
503722
435585
438426
444068
294
561387
913633
700476
581179
581205
592282
723605
724196
725147
4406368
2181096
5537620
4393103
4198100
5689951
5653148
1866283
4430741
2530426
1910937
1911267
1911296
1911399
1911435
1911700
1911715
1911746
1852269
1852379
1908360
1908539
1908540
1908551
1908698
1908795
1908841
1908845
1908851
1909109
1909390
1909576
1909582
1909645
1909857
1909900
1910055
1910059
1910188
1910437
1910481
1869310
1915204
1915311
1915375
1915382
1915471
1915506
1915757
1915760
1915762
1915904
1915909
1915914
1915927
1915932
1916134
1916141
1916147
1916169
1916228
1916233
1917157
1917161
1917164
1917243
1917264
1917266
1917268
1917273
1917275
1917284
1917438
1917552
1845930
1849477
1849740
1851339
1851728
1852061
1901252
1901918
1902718
1902753
1879001
1839041
1841749
1817456
1779345
1780275
1836116
1836355
342522
287071
286727
472468
434307
335772
947563
4471283
1911407
1911693
1908832
1867034
1915912
1915924
1916137
1917547
1901861
1820507
446313
444433
1901885
1915920
1917246
1901881