1833178
333707
2533129
447353
1834118
1837102
1812738
1828781
1902681
1915383
1851311
288784
2518918
1871902
1812969
1911547
1917241
2511244
1218161
1916129
289129
1836613
332894
1836538
332991
1838823
437656
435959
1851255
1836584
1901491
1902294
385369
1839682
4611096
1278362
5022398
1843867
5742832
345405
1885302
1328905
1833137
1837793
1834490
1822021
1901912
1901797
1908317
1909577
1909773
1911571
1910067
1910130
1910443
1910590
2201931
2091210
2112034
1917461
1901887
1901892
431051
439269
1902700
525023
1908399
575687
1910456
392610
1825068
302347
1774615
334881
1835764
1833587
1829707
1867929
1851317
1987183
391151
1917434
433366
1915902
449216
1910056
449513
1901894
1909430
1909583
1908846
4430741
1326981
4472637
1908773
4608514
430462
1909395
438185
1909413
392146
1902554
335257
1902746
333765
1910464
334563
1910441
333043
1911482
134424
1839353
214957
1847426
719856
1829074
1838034
1837468
1815245
1818149
1917169
1866283
1915379
1908550
4969503
1328535
4198100
1908542
6030835
612528
4263924
1908543
5537620
983081
5653148
1870475
5695348
725147
1901844
1000339
1901619
212068
1901638
1463555
1909330
216025
1909334
1463879
1915513
216101
1915751
1323876
1915910
280077
1911636
1516412
1911642
333250
1915067
334981
1910512
335941
1911262
338699
1911325
417197
1910212
417233
1910324
507730
1910369
1909609
1872666
1901279
1901370
1852545
1868923
1847939
1844497
1850095
1851069
1851209
1839957
1840635
1840767
1842756
1840925
1818890
1819707
1819719
1821632
1821942
1825181
1825237
1818007
1828390
1817444
1814567
1774664
1837368
1838822
1838024
1836939
1836800
1836856
1836893
1829694
1830547
1832468
1833758
1836221
1915930
1915942
1917229
1916144
2514910
549827
1901885
608554
4393103
2519917
5689951
1326266
4406368
1901918
4471283
723605
2538614
1326645
1902091
724196
2794474
895288
1902539
561387
3133056
1508230
1901669
581179
3194829
581205
1901720
472468
1908541
418103
1902753
418231
1908630
294
1908811
342522
1909847
289663
1910052
212256
1910426
212274
1910459
1910481
1910617
1910882
1911151
1836355
1836116
1834961
1834148
1834381
1833997
1833315
1836935
1836980
1779345
1780275
1774617
1743634
1774268
1774508
1812888
1817456
1816022
1828883
1825819
1826218
1823383
1820507
1841574
1841682
1841710
1841749
1842275
1842371
1842740
1842786
1839041
1840874
1851254
1851100
1850603
1850641
1850898
1845930
1846342
1846416
1849477
1849740
1869310
1870186
1852665
1901252
1879001
1867034
1851339
1851363
1851406
1851502
1851702
1851728
1851732
1851881
1851929
1852061
1852089
2291346
2176001
2181096
1917113
1915927
947563
1911435
286462
1915375
286727
1915378
287071
1910468
419242
503722
592282
447212
700476
2530426
893522
1910437
444068
1915382
446313
1901861
217714
1852269
213647
211944
335772
2643421
913633
1852379
338985
1851709
336235
1780418
309661
1901881
444433
1908360
438426
1902714
434307
1902718
435585
1902720
1908539
1908540
1908551
1909857
1909896
1909900
1909588
1909575
1909576
1909580
1909581
1909582
1908698
1908795
1908840
1908841
1908843
1908845
1909379
1909390
1908851
1909109
1909167
1915506
1915424
1915425
1915427
1915912
1915914
1915915
1915757
1915760
1915762
1915204
1915208
1915236
1915307
1915311
1911693
1911700
1911715
1911746
1910055
1909645
1910059
1910188
1910937
1911045
1910562
1911399
1911402
1911407
1911409
1911267
1911296
1911297
1911304
1915924
1915904
1915909
1916131
1916134
1916137
1916140
1916141
1917157
1917161
1917164
1916147
1916169
1916228
1916233
1917243
1915932
1917220
1917438
1917442
1917547
1917552
1917264
1917266
1917268
1917271
1917273
1917275
1917284
1917246
2491394
1915920
1915471
1329659
2654421
215124
1908832
1448542
2552082
1446245