3861962
5222163
4557402
4090215
4453673
2745403
5778135
2744907
3737908
2736120
5026451
4313205
5818791
3351979
5257630
4072880
5263784
3478285
4271827
4027760
4586773
4051174
4614213
4700968
439281
2999151
5485861
84500
3472591
3069181
5613765
4547087
3567364
4125737
3575575
3690341
3841818
1503013
5060351
3192274
4078060
3193382
5414456
3198469
3833206
3223052
5203667
2739313
4339729
2979604
5871958
3838839
4739843
4444934
6039911
3347698
4745658
4624708
4825226
3358971
4888051
2988682
4822123
2929214
4602532
85900
6014912
1653277
3358488
1018576
4847254
2905539
4578505
89261
5877923
1741742
3358489
1046937
4854567
2905580
4557009
75420
5846631
2393850
3371993
1060148
4735693
2906222
4552726
44366
5939786
2394129
3385274
1099828
4733463
2889886
4550380
114050
5763997
2421167
3417396
1145662
4858767
2979557
4679383
437375
5731275
2468688
3428455
1190642
4888980
2978278
4399499
756659
5418884
2968536
3538664
1206321
4923677
2959881
4404109
1576844
5450379
2803932
3486473
1585554
4928131
2804471
4455031
2804552
5445801
2808732
3512669
2822525
4934677
2822780
4456530
2822863
5462082
2835085
3470314
2869072
5202484
2878133
4467959
2735427
5499452
2743750
3849863
2763816
5205288
2765306
4468310
2766897
5607653
2767780
3854997
2783371
5213484
2687016
4501765
2688663
5604580
2695907
3783126
2707897
5226976
2717031
4329143
2723535
5525966
3222924
3805843
3244571
5234480
3206683
4336047
3207875
5550164
3187047
3703607
3072705
5122903
3009327
4315268
3030760
5164195
3104687
3622232
3114580
5045976
3148107
4308695
3150441
5075701
3277227
3636901
3282751
5085567
3331650
4390114
5085925
4031807
5263075
4394798
5279678
4026199
4083296
4027600
4090224
4019163
4104849
4019967
4110153
4022456
4166808
4015938
4180791
3930209
4242661
3953392
4263878
3956065
4181424
3974086
3974104
119570
5678887
1693026
4106148
1576867
5214221
2533037
3971433
1576176
5959499
2740552
4377498
1576201
5234235
2756332
3618632
1195023
5259941
2843737
4380981
1499190
4727347
2936184
3478240
1575220
4544183
1575706
3486378
304747
5968105
1703219
4519730
1575343
4733526
2937521
3468768
105906
5972563
1649004
4547966
1494489
4732461
2930004
3478483
61633
5984621
1649279
4552391
1271580
4727902
2963762
3495794
84465
5992353
1948556
4554126
1297398
4734616
2953463
3499597
1122108
6021146
2460798
4559214
1096058
4756507
2880064
3504046
1576294
6031797
2443506
4561090
1577268
4824764
2888005
3446279
2893942
6049986
2900408
4572185
2904088
4816097
2905573
3454352
2925402
6039862
2846462
4577966
2872320
4808793
2853341
3454446
2854253
6035089
2822746
4596318
2822996
4935496
2816945
3549633
2808503
6062462
2808592
4600408
2804537
4953555
2750828
3525166
2753459
5688037
2753681
4587669
2749330
4966303
2749851
3570919
2777955
5712823
2767786
4633614
2768025
4897741
2776344
3421931
2684165
5714303
2685918
4614437
2686767
5241962
2693189
3434563
2696307
5760541
2693588
4689519
2694586
5204707
2700106
3441623
2702687
5783342
2723683
4691834
2724069
5161120
2721235
3391914
2717027
5785514
2734060
4634113
2706745
5184096
3329512
3362890
3334287
5802056
3334395
4380682
3334396
5200574
3286556
3381420
3286887
5949212
3287002
4378260
3277478
5122934
3271479
3360747
3293922
5926028
3314836
4377330
3148625
5133287
3155190
3619023
3161824
5819320
3041447
4395392
3068003
5147741
3063470
3611873
3058012
5867897
3184096
4389349
3184903
5144262
3169336
3648455
3170788
5526908
3212695
4391852
3202362
5074824
3242430
3682518
3251446
5531776
3225581
4392167
3222589
5069099
3225830
3682845
5571937
4310095
5069873
3739961
5592592
4325486
5088660
3727134
5599445
4327592
5089547
3713564
5600097
4505523
5096029
3785139
5620331
4496606
5085405
3772991
5627649
4456001
5110263
3775518
5643558
4409403
5007946
3763364
5646567
4394767
5281710
3769093
5660063
4409961
5288318
3769205
5661994
4434160
5265766
3843702
5660542
4436051
5273337
3835899
5666732
4119636
5290959
3816418
5490961
4120406
5317302
3974177
5511972
4122536
5326864
3977638
5477565
4090496
5348724
3946681
5479029
4091407
5388092
3948763
5464752
4083323
5451913
3937628
5417015
4177767
3878190
4179048
3902876
4172292
3905945
4172516
3919996
4133284
3925734
4141622
4025842
4146625
3989454
4149919
4001698
4191646
4039390
4191952
4215263
4262678
4270811
4240672
4242148
4296071
305126
441131
5385543
2441130
4031779
870515
5419851
3226561
4270880
441129
5365823
2009656
4030248
1295528
5414923
3222907
4266230
441913
5348150
1918259
4059006
1545401
5413622
3243590
4260664
442062
5327889
3168894
4061202
436173
5464603
3169219
4261408
437705
5333602
3053848
4061898
843945
5451293
3072656
4213110
84898
5315417
3089541
4067837
60607
5434783
3035275
4217801
106193
5317053
3038564
4068859
104220
5423898
3042537
4227119
3045329
5312416
3019305
3999969
3026910
5479773
3023017
4189823
3023288
5273454
3118308
3991240
3122881
5471496
3128651
4188293
3104846
5284779
3101797
3990146
3104807
5620232
3113925
4148553
3312249
5283342
3292006
3983466
3268202
5616115
3277415
4134257
3277433
5277217
3336335
3983568
3329488
5592618
3339363
4137817
2713132
5396895
2778999
4017872
2780053
5571723
2805765
4180790
2867777
5007053
2839118
4012728
2839716
5532306
2828650
4090645
2929310
4982721
2911771
4012805
2880501
5532705
2885810
4088478
2894113
5061835
2960666
3898721
2953251
5545771
2940742
4089660
2941357
5028155
2966793
3880706
2965874
5560425
2976754
4120018
2976868
5035031
2976869
3948078
2976880
5873246
2984739
4110642
5067307
3976233
5876699
4110668
5084556
3972659
5831671
4417207
5150966
3974107
5832457
4428672
5135875
3959009
5818682
4429835
5120063
3963561
5846709
4410266
5201506
3821839
5835488
4468847
5186723
3813162
5850402
4490122
5160680
3816292
5934676
4327022
5167820
3834513
5884490
4329510
5169821
3842681
5915680
4332633
5181236
3821259
5813618
4333657
5202075
3827673
5782284
4343637
5234496
3876321
5795012
4336270
5230327
3744327
5767141
4314901
5249543
3798216
5701583
4310999
5244517
3712246
5677770
4298850
5253907
3706786
5741413
4395695
5254389
3704015
6024345
4367259
5253678
3727075
5988572
4367584
4897098
3683919
5972837
4384219
4893690
3677899
4894174
4635762
4901357
3675651
4862123
4643031
4876791
3703195
4971875
4660020
4975001
3650169
4946928
4668770
4936995
3643971
4928500
4678323
4922098
3644457
4911387
4680136
4811604
3610047
4783881
4673342
4843629
3607145
4758165
4598616
4769107
3617853
4736255
4620464
4725194
3621700
4723042
4622428
3624402
4573027
3385878
4579706
3379306
4562570
3365988
4550168
3368221
4550170
3392143
4521301
3390304
4517234
3387393
4514150
3414747
4540954
3416882
4542109
3431499
4532861
3429941
3420075
3549266
3585100
3602148
3606845
3464710
3462748
3496839
3512858
3513054
3479747
227814
436470
433153
435583
435590
5965062
2103243
4557718
1575307
4739896
2978805
3447803
464442
6011564
2294167
4665788
1575710
4785722
2933958
3602310
759445
5707990
1647633
4641917
1575810
4815898
2936243
3594417
419969
5692350
1639481
4375858
1575317
4857643
2822143
3411650
88253
5816457
1635002
4395837
1538710
4860268
2779298
3413722
92084
5876882
1637220
4387333
1019318
5074866
2761598
3414014
105071
5871956
1637439
4327485
1068199
5267934
2747756
3622398
86422
5882249
1740203
4410087
1089927
5372387
2744334
3629502
1576609
5564724
2715445
4120982
1578714
5380530
2703421
3655702
1578918
5630378
2703832
4193698
2695188
5494006
2693597
3669264
3336626
5495843
3277408
4264190
3293652
3780802
3002630
3806173
3846247
3964186
3973965
3973696
3955518
3956988
3903519
3921024
3987126
4003333
4061186
440088
5382150
1657891
4263640
1609772
5498835
3001516
4060864
486570
5386786
1659848
4268535
1576997
5494264
3032469
4063709
615087
5352937
1670834
4266501
1576946
5494530
3045974
4052800
656539
5358081
1750907
4260231
1577541
5515276
3093402
4054670
433085
5333238
1636158
4254514
1577544
5505737
3086018
4055155
432414
5330816
1640510
4250625
1577839
5509106
3090859
4069381
439166
5326826
1651922
4289733
1578175
5509719
3072328
4061623
759447
5330648
2173429
4284586
1211066
5509840
3051515
4028952
637901
5331246
2204485
4284642
1213240
5511612
3046016
4029220
744016
5346726
2063331
4286282
1017863
5469317
3046301
4028196
745573
5347264
2079306
4288003
1017971
5479703
3056656
4033917
794971
5333888
2079354
4278820
983521
5478249
3066955
4039691
835432
5264445
2369914
4280133
923517
5486521
3113860
4038111
859197
5265735
2381682
4280463
923437
5481185
3114903
4048834
79811
5261327
2299498
4282959
924049
5423276
3105969
4003582
73786
5275099
1952832
4273760
924163
5424116
3106090
3990116
75001
5286083
1984310
4199845
926358
5438258
3106850
3982706
13207
5307914
2434136
4200012
926922
5458528
3128664
3982826
59809
5307136
2462044
4195049
1536499
5413744
3121544
4015320
61187
5316235
2463601
4203069
1483150
5403440
3127823
4006828
105168
5313119
2451684
4205602
1495447
5408550
3130907
4026026
113754
5322968
2468430
4191468
1575515
5410214
3123237
4026153
113820
5396490
2494057
4183259
1575812
5421787
3114566
4022014
119610
5393564
3162122
4184507
1575717
5422325
3164312
4024330
91042
5397241
3160612
4229390
1575372
5423058
3156907
4027672
103991
5385164
3150998
4236435
1553687
5417051
3148084
4019724
103905
5071028
3149921
4218989
1245006
5416309
3148620
4021254
92067
5073362
3138233
4220618
1425395
5634946
3174459
3920459
302109
5069860
3174593
4221581
1420435
5635210
3174939
3918614
119569
5085173
3179752
4213411
1476812
5668066
3202612
3916236
267687
5074477
3203003
4211067
284207
5616157
3206623
3917568
3195666
5084486
3199907
4206827
3200182
5616444
3200817
3919293
3214528
5079423
3247907
4208573
3242575
5617974
3238256
3925656
3239821
5083378
3236174
4120531
3237172
5618162
3267960
3922684
3219362
5097715
3222785
4118189
3222797
5626680
3222834
3922203
3222866
5092595
3226955
4117528
3226454
5599434
3226558
3923491
3223873
5092981
3226183
4106156
3233337
5604140
3234091
3893325
3295120
5093887
3307116
4107608
3309001
5603843
3308800
3895574
3308843
5094863
3315479
4104406
3315685
5610106
3324891
3912699
3325423
5089393
3286871
4096749
3286956
5564930
3287064
3882303
3287785
5023282
3277533
4093587
3280350
5573001
3269335
3885546
3340922
5015167
3329496
4094609
3334550
5580216
3331605
3888971
3334415
5017469
2693740
4077931
2694298
5580766
2695417
3888977
2696078
5045398
2697117
4073355
2697273
5580806
2698737
3891245
2703857
5061075
2704173
4074329
2706093
5595728
2703311
3892668
2702238
5063375
2701642
4074688
2690290
5590185
2686393
3955282
2689056
5058371
2689077
4077069
2685047
5582601
2666119
3946603
2540684
4982331
2715755
4178975
2713259
5584861
2713852
3931012
2715114
4982459
2715155
4174459
2718095
5585040
2718997
3929897
2712415
4983461
2709882
4169686
2710564
5587679
2710713
3930201
2712227
4980867
2707025
4170472
2706716
5588928
2707433
3967381
2707710
4987924
2708784
4170771
2709157
5555994
2709616
3969743
2734349
4988241
2728315
4164584
2727612
5550538
2727623
3975253
2729149
4989292
2729353
4156183
2724784
5548847
2723094
3963345
2725975
5012075
2727373
4156357
2745225
5542992
2746033
3955464
2746352
5012660
2746573
4135027
2738599
5544339
2738750
3959302
2746772
4990690
2746894
4135228
2747314
5536227
2749006
3864715
2750371
5000275
2749439
4120961
2749615
5528040
2755931
3865590
2754807
5253827
2754973
4147909
2755729
5529500
2760696
3866358
2762396
5252022
2757559
4141711
2764030
5519603
2775663
3866777
2777192
5257791
2772713
4142276
2768579
5882284
2770797
3876516
2771105
5248569
2781651
4138256
2782212
5871097
2782394
3877397
2790861
5240147
2790925
4417562
2792117
5859768
2790941
3844389
2822180
5229638
2822997
4399525
2823010
5855500
2823036
3845343
2815866
5234720
2820790
4405724
2808480
5862053
2814753
3846095
2806855
5232642
2807487
4404199
2808235
5847515
2804817
3813033
2805564
5203249
2804449
4433941
2804376
5839134
2804312
3850553
2798958
5206703
2799971
4430279
2828670
5845086
2830546
3863621
2830837
5205394
2832630
4426162
2841729
5834800
2860587
3859219
2868346
5214882
2870929
4419580
2876757
5829336
2856423
3860274
2845510
5212416
2844834
4435418
2851861
5822438
2860147
3831410
2936179
5160814
2936183
4436605
2941679
5916643
2937509
3824569
2963761
5162857
2952562
4445539
2990293
5914707
2993050
3824837
2997070
5189510
2971005
4447213
2975579
5884995
2967992
3768969
2886708
5199757
2889866
4490523
2878132
5886031
2900768
3812455
2898100
5186240
2919886
4488588
2904883
5886613
2905462
3799551
2929908
5119078
2925624
4494783
2925281
5890928
2923887
3799622
2925236
5145439
4498274
5892208
3809054
5155080
4500646
5896767
3786526
5139877
4502617
5937232
3801781
5141778
4501290
5947654
3779077
4860548
4503497
5928522
3772127
4858540
4471040
5921722
3772440
4865627
4472330
5919980
3787502
4882023
4464730
5817550
3788285
4902113
4465010
5813894
3748389
4899817
4465129
5794708
3766193
4901138
4475479
5805839
3767611
4892899
4483822
5795484
3763733
4892052
4485712
5786810
3669978
4898496
4486009
5782678
3663628
4898500
4464212
5780051
3663865
4896086
4447854
5763442
3659759
4908127
4450099
5774456
3644352
4919071
4327715
5752939
3650838
4920773
4330422
5755745
3646142
4921384
4328716
5743284
3632314
4939885
4336254
5746042
3621092
4955883
4331870
5708925
3617705
4975727
4339279
5682090
3614593
4960376
4347661
5684666
3609752
4968639
4355391
5690151
3611333
4817177
4297249
5734092
3700059
4812639
4316992
5729375
3701215
4809212
4320435
5733656
3693589
4807765
4386259
5717816
3698349
4791765
4388966
5722941
3675063
4800353
4387650
5727231
3678319
4796815
4388615
5995517
3682600
4825469
4395697
5997533
3680559
4826563
4389175
5999849
3681659
4734290
4377829
6026810
3688351
4727059
4370356
6027536
3726135
4728726
4363530
6028470
3731561
4729807
4383802
6017302
3729122
4731427
4381215
5968467
3711154
4731892
4378791
5961798
3705920
4766345
4640245
5954151
3713864
4763572
4639555
5953555
3416900
4755856
4636308
5970861
3410230
4739073
4649639
5981739
3387353
4745694
4650160
5972561
3391404
4747085
4671478
6049980
3395425
6048560
4676544
3426665
4678595
3422504
4689164
3421248
4698604
3435590
4696865
3372190
4703028
3363964
4713049
3362258
4717000
3379508
4678301
3372428
4559086
3374721
4562106
3377537
4548293
3356096
4547613
3347791
4548453
3348709
4554017
3351363
4526881
3347682
4531411
3607059
4543392
3561711
4545763
3562380
4517936
3567306
4518059
3578778
4516616
3583415
4580164
3525016
4582593
3527421
4595581
3531983
4596795
3536148
4598248
3516923
4603553
3521649
4622171
3560127
4623302
3445789
4631463
3458941
4626638
3486761
4630895
3481008
4630919
3472739
4631164
3494202
4618017
3489363
4618379
4618421
4615788
4616168
4616847
4614721
4605480
4608783
303403
305746
437594
4778747
2470920
3479012
1431715
5958174
2930008
4615280
454697
4822665
2439024
3488822
1355853
5970310
2904085
4592615
826952
4813641
2035926
3448457
1333872
5700160
2894193
4588339
741524
4963519
1883857
3554648
1575407
5754707
2904122
4581892
351530
4939081
2380689
3520461
1575877
5816619
2904783
4557485
352045
4939254
2396676
3524808
1575678
5809087
2884412
4551338
221996
4902995
2123403
3347821
912289
5925602
2889523
4556999
100211
4904087
2123989
3358675
993549
5942984
2819254
4557731
91413
4906987
2293736
3432448
1004561
5832716
2822342
4710351
90372
5142217
1642693
3427527
1220608
5835247
2796141
4635957
212957
5122893
1639287
3396118
1037716
5861442
2784369
4378726
30986
5123947
1636554
3704422
1577369
5870224
2779160
4381391
44386
5215449
1636651
3742969
1577390
5589140
2769972
4376093
1577402
4984126
1635627
3734844
1576689
5588535
2760508
4376210
1576150
4979563
1754741
3694753
1575993
5583455
2763137
4387270
1576025
5042325
1671560
3612282
1578864
5619689
2750098
4387568
1578519
5043564
1663043
3626371
1578521
5416334
2741463
4349892
1578595
5043847
1659857
3627140
1586501
5473591
2736555
4464287
1705302
5070697
2720148
3672166
2720166
5466443
2722195
4474658
2722274
5071388
2730491
3759301
2729242
5315056
2730783
4469783
2733009
5294103
2712380
3747902
2719153
5251362
2719507
4503554
2715329
5272520
2703790
3743326
2695405
5360965
3332650
4505063
3329553
3751893
3329598
4496307
3329333
3802784
3344152
4447335
3269406
3877653
3287114
4434679
3286862
3867704
3308892
4396917
3297480
3960049
3292637
4143551
3260911
3962001
3245052
4123283
3192426
3964885
3198353
4173428
3174458
3965695
3152531
4174395
3116578
3977005
4074398
3947866
4073923
3953436
4074120
3956647
4083096
3881596
4097343
3913382
4097672
3896147
4221828
3923153
4221901
4023349
4181661
4005019
4205743
4010116
4289761
4018861
4253051
3991996
4265473
4040673
4038659
4034203
4036145
4067468
4072039
4050036
4058577
331153
1718476
332377
437833
438769
438227
434507
432415
5467679
3118067
4265808
1597440
5346571
1736636
4059581
430627
5468417
3120780
4263617
1599480
5372701
1737161
4059598
432862
5468597
3132238
4266493
1601623
5361819
1704281
4053730
433844
5468085
3132403
4267220
1601748
5364270
1659851
4054025
434452
5468963
3132771
4267324
1608991
5364854
1749613
4062105
434596
5474978
3132788
4268676
1609098
5368596
1737195
4062968
436021
5476075
3132806
4262230
1609161
5386858
1637877
4061449
436923
5469499
3133020
4260873
1609253
5386538
1646070
4068625
438261
5470802
3133100
4261107
1578268
5388240
1653751
4066324
437926
5482554
3134171
4253628
1036514
5382536
1657820
4069572
439140
5483130
3134266
4256590
1041472
5384778
1647711
4032983
440031
5484685
3134280
4257681
1053736
5369877
2145717
4035499
441089
5486570
3127840
4259330
1047153
5377087
2149167
4034278
442255
5487165
3122381
4251784
1225667
5377550
2149825
4032608
518357
5485696
3130124
4249936
1206324
5346300
2354621
4031691
558810
5476794
3106532
4245277
1131762
5346334
2369986
4031765
571140
5476825
3104838
4240173
1020610
5343819
1881887
4027030
742523
5473304
3102236
4240421
929100
5343877
1882001
4030487
744674
5511711
3104120
4239210
981286
5344815
1859571
4038073
757129
5507740
3158495
4241816
982639
5337267
1871424
4047825
757208
5502464
3160044
4241871
890785
5347328
1918677
4048011
789246
5502862
3160107
4242011
1554624
5347409
1904556
4049219
841708
5516261
3160164
4290544
1564463
5346896
1904648
4049691
841856
5516565
3151962
4295906
1540623
5349876
1905451
4036420
842550
5518655
3162280
4294256
1537222
5350254
2038448
3994863
842603
5519499
3162328
4294862
1537912
5349801
1999782
3995663
842983
5494615
3165533
4288499
1537936
5351903
1956054
3997206
843126
5491416
3168080
4285569
1538195
5351992
1934600
3998312
843281
5491800
3138408
4285846
1474344
5328901
2437426
4001455
843360
5492123
3138417
4283832
1536355
5325967
2433295
4001649
843402
5486439
3139072
4272332
1271725
5333181
2419733
3999137
843572
5497069
3139095
4272407
1480473
5335848
2465143
3983222
806240
5499385
3142565
4272817
806550
5336401
2464592
3983334
794633
5500352
3143440
4280650
858557
5336433
3134513
3981012
858764
5500477
3137698
4282181
862601
5271696
3137708
3976811
840662
5500738
3137897
4280326
840757
5267939
3137982
3983441
841370
5415565
3138086
4278951
843809
5268059
3138209
3987729
843911
5417838
3138232
4278812
843983
5268478
3125509
3987913
323406
5415218
3147356
4205853
300033
5266838
3144675
3989423
429196
5413508
3144990
4203134
429525
5261071
3150142
3990880
431236
5419405
3150259
4205234
431316
5261730
3150547
4013201
222116
5405783
3060281
4201415
227579
5265380
3062508
4013378
227831
5400675
3069016
4201553
282885
5263885
3069832
4010643
260997
5401653
3063621
4193240
261959
5287390
3053105
4008519
60213
5402100
3053751
4184015
7850
5283377
3058178
4008985
60345
5407148
3058525
4184168
61757
5274025
3072099
4006943
79507
5412267
3072258
4186109
84284
5275060
3072296
4007884
84333
5412997
3072825
4186304
84368
5277668
3073310
4002706
84380
5414084
3073387
4187300
84443
5278768
3075589
4023437
84515
5414827
3076578
4190929
84857
5275222
3076636
4022859
84858
5455255
3080218
4188660
86028
5276268
3085445
4021648
132607
5460571
3089557
4218695
105828
5293144
3097264
4027916
109720
5461316
3097333
4216967
106384
5276718
3098104
4024525
106462
5461985
3100337
4217254
106665
5291492
3040868
4024296
92107
5464497
3045987
4229528
94194
5292381
3045630
3923514
103495
5445974
3046870
4227318
92273
5290836
3047103
3924704
103981
5444434
3049931
4214697
105049
5299009
3037435
3925557
3041821
5451784
3042119
4208744
3044300
5304451
3044413
3926370
3044415
5453133
3044439
4209614
3026393
5308837
3028513
3926410
3028712
5453714
3029250
4209759
3022059
5310654
3022089
3926959
3001635
5456895
3002821
4209762
2991969
5314978
3001922
3917410
3009346
5438419
3003113
4207169
3004318
5315553
3174572
3903544
3174881
5428694
3177431
4208250
3174466
5315788
3173236
3913587
3171066
5423322
3171076
4206666
3168497
5315807
3168897
3914738
3170929
5441096
3169783
4208445
3183220
5315947
3183250
3917957
3183263
5441842
3183278
4208514
3183337
5323045
3183338
3918149
3187427
5447772
3187032
4211233
3193504
5323233
3194210
3918954
3192423
5448772
3191285
4210859
3203794
5322886
3206656
3920856
3202271
5616478
3206676
4205453
3201398
5325212
3198998
3920983
3215250
5617402
3221458
4210880
3221475
5319881
3221491
3903067
3221636
5617761
3221724
4211738
3221810
5397376
3214131
3900575
3214324
5623859
3209177
4212350
3211272
5396396
3248127
3913432
3249152
5621551
3251120
4213057
3238171
5388781
3266792
3908698
3265365
5626830
3250295
4098371
3251586
5071938
3254305
3906357
3254577
5624526
3253445
4098661
3260864
5070694
3234813
3904294
3230628
5629288
3231681
4100863
3231859
5070014
3229666
3904465
3229729
5610416
3229793
4119581
3229917
5067468
3230224
3881680
3226113
5610643
3222890
4110927
3212644
5065198
3212662
3880927
3223258
5610878
3291944
4107403
3292763
5083759
3292037
3878551
3292110
5606315
3292396
4087660
3289001
5083780
3291565
3885067
3300004
5607414
3297015
4087360
3297206
5078449
3305606
3888315
3306168
5607425
3318339
4080965
3311385
5080229
3285410
3886697
3285802
5608641
3288126
4081636
3268481
5077896
3271496
3887459
3277249
5612992
3344151
4086949
3341478
5085378
3342903
3956869
3339411
5613008
3336835
4096009
3329342
5084567
3333393
3955881
3333400
5615844
3333684
4096714
3333687
5086129
3333800
3958750
3334276
5615950
2695784
4094098
2683361
5090523
2691566
3947599
2704346
5602294
2704404
4094106
2702638
5092207
2702908
3951461
2615543
5602311
2686044
4090228
2690380
5094938
2714471
3952271
2709517
5594836
2707454
4091949
2733539
5095324
2733778
3952641
2731786
5600907
2722798
4090861
2726097
5094058
2737091
3935862
2746708
5661366
2742106
4078758
2755842
5094127
2756532
3930184
2763459
5653622
2759480
4079808
2764731
5097687
2766443
3933587
2765804
5647216
2775597
4079940
2777937
5097120
2781854
3931890
2780349
5652316
2797411
4084623
2790943
5101474
2783524
3932905
2820678
5654534
2822995
4180463
2808699
5104808
2806697
3927925
2808218
5654697
2815894
4179607
2816635
5106566
2818888
3927983
2799893
5657753
2804354
4180249
2804971
5106881
2804564
3938185
2807510
5636808
2857402
4173721
2856324
5106895
2863317
3946349
2863420
5638064
2863469
4174525
2845278
5108825
2854147
3941936
2875253
5638192
2869074
4175496
2860101
5109688
2860114
3977129
2841780
5639578
2828627
4176280
2841676
5111559
2835405
3977695
2837638
5641158
2848855
4177205
2832832
5111697
2833078
3967207
2833123
5641953
2833125
4156528
2834035
5112756
2836132
3973754
2832443
5642093
2832452
4158064
2832620
5114496
2823986
3973201
2829927
5642127
2892036
4158217
2894140
5116477
2894153
3969652
2893566
5630591
2893669
4165137
2879960
5042392
2870448
3966356
2888841
5630907
2881174
4166277
2882306
5042501
2905388
3965517
2901590
5627531
2894899
4166424
2905571
5051868
2914544
3964025
2905671
5630361
2906028
4163340
2913101
5053788
2911787
3958835
2911868
5632823
2909032
4171393
2929921
5014592
2928432
3959813
2929893
5587171
2929414
4169921
2926683
5014607
2927097
3865928
2923663
5589145
2920801
4166833
2925264
5023456
2926673
3864969
2925632
5588504
2968540
4126115
2966716
5018713
2966765
3865086
2964385
5588894
2964582
4132981
2965189
5026454
2965200
3864420
2965273
5590645
2971932
4128660
2969223
5026475
2969429
3876690
2969434
5592555
2969510
4135941
2977618
5027173
2978196
3876323
2976879
5578732
2976862
4134068
2976546
5027243
2976679
3868320
2976712
5579656
2997492
4134822
2994505
5028029
2994567
3872201
2990957
5574597
2991559
4134263
2991571
5036403
2978963
3856211
2979522
5575165
2985216
4141938
2979668
5036437
2980191
3862934
2981351
5565213
2949548
4141441
2943410
5036852
2955027
3862008
2955666
5566126
2956143
4141464
2956772
5024995
2957495
3861635
2963772
5566522
2942120
4139788
2941384
5025601
2941469
3861669
2941503
5567412
2937557
4141218
2937433
5019209
2937434
3849957
2935673
5571046
2934318
4149092
2930007
4983257
3843697
5522281
4150425
4984903
3812527
5534430
4151479
4984968
3811760
5531837
4152400
4990500
3815914
5540254
4397785
4988576
3814875
5541726
4397820
4991911
3814930
5542080
4397930
4999255
3814992
5547631
4402969
5002991
3815033
5557744
4404214
5003096
3821846
5552511
4404710
4996587
3820762
5558328
4415654
5013102
3818030
5564096
4417043
5012335
3818428
5564206
4417205
4952591
3821787
5868296
4414915
5006712
3823624
5866176
4415560
5003594
3824227
5866300
4415674
5003889
3826446
5866636
4410040
5211508
3827655
5864732
4414336
5211588
3839076
5867733
4414388
5224563
3834859
5861440
4434691
5216744
3833733
5861053
4437423
5217566
3807672
5859882
4439525
5218151
3807705
5859929
4439551
5232855
3801822
5860467
4445675
5214064
3793888
5878821
4445059
5226779
3794205
5877795
4445181
5207905
3794712
5877114
4441106
5209613
3785538
5876842
4441527
5210549
3772516
5874855
4443032
5213493
3779212
5875615
4417266
5204899
3776389
5876333
4423000
5204148
3776483
5876374
4429036
5239579
3752013
5871805
4429203
5236744
3752328
5835398
4430777
5245259
3754470
5834679
4430834
5245071
3755523
5849701
4430951
5247385
3749964
5852004
4431569
5258560
3745831
5852526
4434004
5258666
3741082
5852730
4432679
5258739
3747503
5857755
4432828
5259984
3747925
5857851
4432981
5256749
3760420
5832832
4496329
5256838
3761080
5832451
4490058
5250573
3762191
5821407
4496431
5132262
3757161
5821119
4497556
5126398
3758334
5942756
4499153
5126579
3765395
5949618
4499176
5127656
3751515
5951852
4493141
5117610
3767222
5934910
4494043
5140869
3767366
5935127
4494335
5141427
3762689
5936409
4491076
5134520
3768817
5920727
4503045
5146441
3771319
5940795
4506328
5154352
3671242
5941428
4506825
5158289
3663709
5918098
4505761
5158561
3666302
5885910
4508217
5152355
3668121
5919843
4504105
5162667
3661950
5923881
4501464
5181340
3654369
5890179
4501948
5181405
3654916
5886122
4470319
5181452
3646829
5887893
4472274
5181475
3652520
5888070
4474198
5182787
3650641
5911265
4468472
5182905
3644006
5911665
4468555
5183664
3643882
5916242
4476279
5191679
3635501
5899670
4487491
5192084
3636540
5904444
4482313
5201528
3632180
5894972
4463875
5190390
3636738
5909815
4462876
5196921
3624777
5909846
4459171
5197018
3623602
5809274
4460197
5199127
3621369
5801949
4460773
5199177
3632481
5813865
4447883
5162904
3632008
5806164
4449992
5161510
3634322
5808084
4450042
5162396
3634652
5802314
4454063
5172170
3630606
5805659
4451562
4907078
3624074
5805812
4453026
4904536
3625958
5778614
4453149
4903068
3628388
5785593
4453249
4903170
3612049
5787271
4350344
4899436
3610990
5790901
4348639
4902741
3608345
5784769
4354869
4901509
3614812
5793605
4356640
4902059
3615182
5753933
4339093
4894769
3615290
5757787
4336785
4898458
3613125
5762007
4343864
4890333
3613279
5762067
4344577
4884001
3614130
5762176
4340819
4876036
3619859
5744008
4330981
4879013
3690392
5744918
4330713
4868423
3689985
5743216
4334241
4869026
3687951
5752397
4332761
4868294
3690124
5752405
4329014
4875448
3701814
5776169
4329102
4867037
3702279
5771031
4328062
4867673
3693983
5771557
4323385
4861630
3693095
5771595
4325543
4870248
3700129
5769997
4315625
4870417
3700438
5770010
4315817
4870442
3699613
5772836
4318618
4858139
3703048
5763137
4319711
4859290
3703713
5767058
4318226
4853330
3688437
5767248
4315496
4857455
3683333
5768797
4298642
4863174
3682075
5700997
4305296
4948994
3675559
5697461
4305746
4950736
3677644
5698667
4305851
4951032
3677664
5699174
4306513
4954479
3674559
5692791
4301326
4967197
3735651
5696736
4301851
4958358
3736769
5696783
4302743
4977421
3738279
5706950
4303143
4920973
3736990
5707838
4310187
4919641
3721989
5709623
4296975
4923975
3723710
5711309
4308999
4924318
3706064
5711401
4309057
4903787
3706129
5690511
4306620
4912866
3708134
5691362
4307510
4922944
3718901
5685740
4307553
4923591
3706669
5680909
4304967
4927134
3711732
5683999
4308272
4927195
3714136
5659716
4388989
4928498
3396347
5677658
4388549
4931396
3398086
5677667
4390120
4931563
3398940
5674034
4386596
4932436
3399905
5727827
4385202
4938474
3401861
5728987
4393436
4938754
3391743
5729007
4394952
4936279
3392555
5729176
4364572
4936391
3394196
5729277
4377504
4935507
3394643
5726572
4377570
4930582
3395041
5726886
4367581
4933389
3387320
5726984
4358838
4816147
3387345
5720589
4360483
4816864
3385516
5718769
4375279
4817351
3387403
5718835
4367748
4819786
3385058
5719608
4379061
4821056
3388580
5720666
4636887
4822506
3411613
5717755
4637371
4808594
3403493
5722471
4638337
4807449
3403727
5732496
4629901
4793602
3404009
5729890
4639734
4805073
3415645
5734705
4640123
4800415
3415682
5734079
4641194
4783312
3416795
5740466
4640327
4788700
3409421
5736001
4640655
4787237
3413464
5737166
4651334
4785312
3425384
5737683
4656342
4785664
3425707
5968209
4657809
4823587
3426066
5969732
4657826
4823621
3429168
5968844
4665998
4826959
3429178
5963439
4662330
4828462
3420346
5953882
4669668
4829339
3421962
5955082
4670027
4830143
3414375
5980503
4701060
4830937
3417175
5986604
4684462
4832718
3417251
5987025
4685410
4836429
3417677
5992846
4693265
4837960
3434003
5993356
4693665
4826495
3438822
5989718
4679021
4839024
3437859
5992276
4679438
4845984
3437932
5982135
4678431
4839499
3437971
5983006
4678470
4839787
3361854
5973747
4683333
4854597
3364013
6017186
4682888
4854632
3357810
6017274
4682983
4849098
3372172
6015252
4683091
4856781
3369867
6015411
4675015
4849817
3370540
5996727
4676995
4850166
3370609
6000692
4672764
4758100
3368235
5998891
4677973
4768534
3366866
6012823
4711095
4775242
3367230
5999927
4713535
4776219
3367422
6011020
4716128
4777657
3365944
6004384
4702557
4778574
3381353
6009259
4702816
4763665
3381619
6049316
4709604
4760603
3383183
6044970
4559150
4764270
3374131
6046651
4560546
4743232
3378392
6048008
4560673
4743490
3378526
6040118
4559650
4750604
3351197
6043823
4562437
4751050
3349884
6051805
4563101
4748241
3350691
6052364
4561879
4753917
3356433
6053434
4561992
4753947
3353793
6053487
4563252
4755457
3354740
6054343
4563581
4754793
3357567
6055273
4564075
4756695
3359086
6055902
4551702
4758943
3360750
6056093
4549047
4759250
3361208
6056682
4548401
4732915
3526983
6057094
4554181
4729014
3530392
6037165
4517077
4728211
3531893
6037789
4521508
4728240
3532912
6039398
4523141
4728265
3533712
6032830
4525089
4723235
3520523
6033011
4516269
4724399
3522787
6033894
4514937
4718562
3524634
6033905
4515190
4725728
3516807
6033932
4509577
4726824
3519655
6034217
4513421
4733879
3551986
6035580
4513637
4735036
3559422
6035663
4545780
4735253
3550309
6036272
4546363
4736168
3551385
6061637
4546907
4736578
3535782
4737662
4531729
4738221
3540813
4742108
4530065
4742398
3542016
4535304
3542034
4535684
3543440
4538598
3546724
4582268
3547041
4580357
3547479
4581239
3583925
4585876
3583993
4574621
3580234
4577246
3571951
4575675
3576350
4567371
3577015
4567781
3578148
4568191
3562071
4568354
3568464
4590105
3568866
4591379
3561654
4581435
3570640
4592751
3604032
4594100
3602576
4594731
3589482
4603794
3593303
4603344
3594000
4601642
3581558
4600494
3590066
4595274
3592218
4596783
3592625
4617111
3592705
4617143
3449235
4618921
3448910
4608523
3450608
4615127
3431409
4611159
3436804
4631379
3443626
4626667
3444408
4632291
3447705
4632837
3446850
4633637
3462785
4626603
3463068
4619521
3453009
4621747
3464725
4622019
3463507
4622053
3463547
3463628
3464491
3470952
3471694
3465246
3465290
3480365
3485070
3485216
3486048
3483017
3483120
3479077
3469004
3476188
3478209
3491199
3501935
3502654
3506644
3506759
3507332
3512379
3514818
3515280
3515712
759893
439044
439293
227465
6061785
2468048
4622664
1482262
4742785
2931613
3516297
227312
6062079
2468907
4623161
1477489
4738472
2934359
3516556
227673
6062107
2469093
4624956
1448750
4738748
2935617
3516640
225740
6062582
2471922
4625352
1453522
4740919
2933989
3514850
226965
6062805
2482379
4625557
1455399
4741858
2935707
3512637
258755
6055882
2483707
4626473
1327479
4738001
2935720
3508536
282596
6036381
2485975
4633427
1440806
4740281
2936245
3509145
291021
6034337
2420517
4633437
1443988
4740476
2936248
3506877
291036
6023983
2420794
4627022
1444871
4740700
2936283
3513172
229189
6034936
2414573
4627794
1444965
4736734
2937043
3513679
229218
6032985
2419055
4627885
1445668
4737438
2937133
3513876
239597
6032281
2401452
4629517
1395542
4736340
2936185
3502882
244737
6032639
2413652
4629582
1369097
4735795
2940747
3505486
244738
6032651
2421277
4613251
1384618
4736104
2942183
3499717
342014
6039814
2424449
4608591
1423847
4734687
2943064
3500348
392164
6039087
2427402
4608676
1424476
4734781
2941699
3501884
393357
6039159
2428061
4610452
1428224
4734952
2963775
3491906
394002
6037209
2450986
4610661
1425654
4726982
2963823
3494486
394385
6041645
2439570
4606486
1271903
4727414
2963824
3495340
300564
6041818
2440894
4607300
1272471
4725836
2964374
3497228
291789
6041921
2435603
4619388
1272477
4726300
2959271
3469826
294251
6042327
2432174
4620728
1298306
4726636
2959282
3476399
324608
6042534
2498500
4621051
1299721
4726788
2962569
3477501
327015
6043138
2505100
4618651
1308537
4718948
2962739
3481433
308498
6043474
2511244
4618308
1315964
4718985
2960328
3482222
338519
6043630
1930831
4615434
1281144
4720929
2955114
3483591
331274
6043695
1962230
4617090
1286098
4721483
2955126
3484138
331593
6058245
1965879
4596612
1271591
4722334
2955223
3480736
104025
6058462
2012546
4598536
1271597
4722594
2955431
3490462
103920
6059157
2012778
4601710
1262481
4724949
2943759
3490520
92378
6060018
2020937
4602164
1232777
4724006
2944691
3490613
99469
6060049
2023664
4603948
1233860
4728452
2947512
3467906
99633
6056693
2023870
4604089
1236302
4728222
2948660
3465263
99918
6057091
2024464
4603713
1236691
4730544
2950172
3472058
94363
6054410
2001800
4595092
1241831
4730844
2950648
3464849
96353
6054068
2045530
4596082
1244727
4733413
2953088
3464713
97054
6052322
1982807
4592812
1539327
4733837
2988273
3453429
97214
6050378
1983255
4593960
1503207
4731988
2988448
3453827
97480
6050673
2026227
4592714
1502747
4732031
2978815
3452451
97569
6050683
2027059
4588256
1534754
4759254
2978932
3463293
97627
6043995
2032844
4589396
1535419
4759043
2978319
3463233
92233
6009670
1900158
4566947
1495584
4758802
2978592
3459370
91492
6009843
1920611
4567348
1491655
4755396
2978652
3460820
91998
6010371
1846738
4563143
1494048
4756190
2978758
3462506
92001
6005352
1887266
4571830
1494267
4754178
2991648
3457035
107520
6006359
1880314
4576003
1494904
4748537
2989312
3457704
105166
6006817
2370239
4576667
1494969
4751468
2995032
3457705
105862
6008855
2371052
4574766
1495370
4752266
2998183
3458406
219361
6009095
2336156
4585945
1542471
4743794
2993546
3458724
221468
6011158
2339993
4586036
1546559
4744252
2990628
3458900
119652
6011254
2340217
4584930
1570575
4744877
2973337
3446955
119687
6000136
2341978
4585508
1555822
4745115
2976225
3447375
89569
6000391
2344382
4583322
1575310
4745546
2976531
3447474
87605
6011595
2344809
4583773
1575235
4746542
2964412
3446657
81123
6011848
2345512
4581360
1575546
4766253
2966609
3436811
74324
5999098
2299057
4582529
1575677
4766294
2969014
3448999
61080
5999810
2394275
4578566
1575513
4766854
2926669
3454623
61112
5995586
2395824
4523307
1575898
4769419
2926675
3455441
75007
5995633
2369952
4536853
1575938
4771114
2926676
3455505
75412
5995039
2160783
4533359
890912
4761794
2920967
3450010
73829
5995332
2174974
4534645
907843
4761817
2921120
3450415
60328
6002700
2296996
4532013
913242
4762202
2921377
3450500
60133
6003332
2124875
4526928
900586
4763405
2923034
3448870
25681
6003832
2125314
4527088
903466
4763477
2923329
3448389
29278
6004287
2144652
4529622
927462
4763720
2923381
3593097
61289
5997224
2079547
4529668
927587
4760030
2923738
3582222
61297
5997425
2079567
4547080
927979
4760058
2923741
3583309
61319
5999907
2079966
4547228
927983
4776254
2925252
3594744
61417
6016043
2081868
4545270
928145
4772468
2928210
3595204
61422
6016085
2103142
4545298
928416
4774162
2926690
3596229
61443
6016935
2066633
4544169
928422
4779029
2926795
3596785
61523
6015256
1948205
4544264
928587
4779069
2929419
3596918
45741
6015343
2056570
4542198
929007
4779124
2929392
3598109
45849
6015214
1640757
4542501
925206
4779266
2929959
3599856
48163
6014645
1657880
4542063
923438
4780305
2930198
3589669
16947
6017260
1646909
4511441
922780
4780539
2930908
3590004
436902
6017540
1637161
4511927
923389
4780896
2909474
3603708
437181
6017797
1639473
4513393
982756
4782970
2909505
3603834
434505
6028850
1637351
4510136
983092
4783120
2911059
3603997
434043
6029946
1637046
4510267
981315
4850502
2911128
3604009
433622
6030997
1627542
4515312
981905
4852303
2912065
3604512
434745
6031524
1632178
4515478
967399
4852936
2913087
3604782
576438
6028117
1635514
4515901
979017
4852989
2913491
3605470
593382
6024493
1635641
4516256
980282
4853073
2913931
3605755
563291
6024645
1741726
4516271
980302
4853125
2915196
3561769
548164
6025134
1747557
4516303
980881
4853286
2917862
3562475
554899
6025897
1748151
4514429
981118
4856876
2919997
3564081
529475
6026117
1748299
4514541
923779
4857055
2905536
3569422
500671
5970902
1748992
4526635
929469
4849509
2904953
3566094
502427
5970922
1749041
4520979
951223
4854757
2905574
3566338
513075
5971868
1750186
4508173
1029249
4856259
2905576
3576153
680793
5972419
1751064
4516685
1019492
4839894
2905663
3572956
633390
5984541
1754861
4519375
1008079
4840104
2894963
3574062
598855
5974302
1756952
4556075
1018540
4840689
2895178
3571138
445470
5975278
1768802
4556120
995763
4842209
2896321
3571155
481374
5977994
1807679
4556702
996206
4842836
2897110
3581406
762832
5978220
1808173
4554057
984294
4843391
2898080
3579871
807480
5979348
1814707
4552594
984341
4848826
2894007
3584269
808433
5979351
1814867
4557691
992779
4844957
2898901
3584536
808793
5979901
1815446
4554141
1135253
4845321
2899076
3548299
809201
5992342
1815650
4557197
1136698
4845355
2899388
3548312
822255
5989840
1819524
4557275
1143299
4839172
2899506
3543694
822358
5990612
1834431
4557384
1125524
4835807
2899742
3543850
843732
5993477
1834501
4548754
1191092
4838148
2899746
3540231
843789
5994009
1657904
4549041
1156281
4838876
2899917
3551813
790077
5988916
1659861
4548321
1159262
4833540
2901907
3550291
805266
5984838
1659865
4548364
1182985
4833583
2904101
3542850
757603
5956772
1665579
4549665
1183401
4831787
2900922
3543122
756856
5956980
1657815
4549924
1183652
4830925
2900702
3559808
743831
5958032
1669559
4564254
1207029
4829900
2900765
3560325
713942
5958165
1669934
4565056
1207321
4827697
2905397
3552570
730310
5954036
1704881
4565364
1227412
4828109
2905443
3553375
741018
5953708
1698483
4565829
1117563
4826704
2905446
3556061
744124
5958214
1701979
4562044
1223907
4825715
2905458
3556297
640995
5959182
1682183
4561883
1047594
4825304
2904839
3520337
691648
5962136
1685940
4561947
1047667
4823595
2904738
3490877
693973
5960796
1686468
4559716
1053037
4822857
2904750
3517073
844540
5961369
1689690
4559316
1056262
4823067
2882366
3517937
844114
5963493
1737177
4560979
1059947
4787843
2882559
3518647
841434
5966081
1740336
4561324
1060259
4788303
2882598
3519082
841699
5968920
1735702
4559129
1042725
4789727
2882688
3522108
841139
5969082
2883493
4558143
1042841
4783505
2881373
3522538
859670
5969105
2889272
4558163
1045754
4792553
2889275
3522617
860130
5969199
2893727
4558223
1011821
4793173
2893734
3534404
862295
5969672
2893814
4558715
1092040
4790786
2894186
3534563
862349
5969825
2892724
4559000
1072824
4791033
2893438
3535185
1074990
5969948
2890667
4710013
1076923
4791603
2890917
3536274
1086962
5970295
2830232
4704047
1098173
4801282
2828858
3529163
1098585
5964402
2829124
4707866
1101649
4801751
2829332
3529656
1104483
5738486
2829417
4716167
1105354
4802827
2830654
3529941
1577921
5740016
2830793
4716364
1578002
4803584
2830832
3361325
1578010
5740063
2836133
4716556
1578335
4804528
2836761
3360785
1578394
5740088
2836766
4716590
1578514
4804706
2836799
3361057
1577673
5740279
2837393
4713714
1576039
4806014
2837480
3359811
1576801
5741323
2835390
4713723
1577270
4806318
2834479
3359838
1576850
5741713
2834686
4715594
1601753
4806383
2834691
3360003
1606697
5735627
2834059
4715834
1608985
4797387
2849909
3360039
1608988
5730022
2850778
4717151
1610264
4807621
2850984
3360303
1612059
5730553
2851320
4677758
1600517
4799842
2851349
3360402
1597948
5731538
2851633
4676092
1598193
4800193
2851732
3360526
1586132
5729484
2846886
4676595
1579420
4795312
2847092
3360714
1579461
5729508
2847190
4672198
1576652
4807349
2847209
3359270
1578813
5729758
2847321
4672378
2847542
4809860
2847799
3359622
2848390
5732835
2848510
4674911
2838908
4810459
2835485
3359755
2835971
5733495
2840577
4674994
2841789
4811539
2844005
3357801
2842041
5733685
2867801
4673417
2868194
4812557
2862152
3358640
2862285
5726363
2869095
4673463
2869346
4809009
2869623
3355508
2869683
5732300
2868533
4674068
2868613
4819845
2868778
3356087
2869052
5721958
2875326
4674720
2876131
4820716
2872337
3356446
2872435
5722205
2873156
4683303
2873315
4819695
2873396
3356581
2878097
5720796
2870946
4683699
2871509
4814062
2878548
3357076
2878766
5720887
2879349
4678473
2856436
4814067
2854848
3350602
2854874
5719879
2845303
4694448
2844851
4815447
2844999
3351285
2852041
5719926
2852156
4693327
2852552
4933697
2864630
3350993
2865161
5720439
2865216
4690359
2865778
4935721
2867728
3351790
2859420
5720634
2860149
4691179
2860243
4935739
2860272
3351823
2860470
5718313
2860546
4691206
2808145
4935830
2805867
3351893
2806062
5727029
2806088
4691313
2806348
4935893
2806361
3351895
2806506
5726928
2808238
4685906
2808450
4934730
2808472
3352904
2808479
5729354
2808642
4684788
2808661
4937177
2804644
3353101
2804659
5723331
2804723
4684979
2804740
4937773
2804782
3353449
2804798
5723528
2805445
4688314
2805523
4932670
2805555
3347849
2805740
5724045
2804885
4688736
2804928
4929347
2783777
3348153
2804336
5724294
2804016
4688920
2804092
4923786
2804105
3348372
2804120
5724721
2804156
4701163
2804164
4922272
2804383
3348646
2804412
5724786
2804425
4702320
2804505
4922610
2804512
3349172
2799970
5724929
2803068
4699034
2803601
4913102
2803919
3349492
2801220
5724985
2801735
4699129
2801809
4915115
2802302
3349828
2802513
5725650
2800071
4700404
2800215
4916979
2799464
3347797
2799466
5674751
2799572
4700615
2815497
4916989
2817612
3347720
2817727
5671420
2817820
4698209
2820815
4917674
2820950
3347751
2821693
5672421
2821978
4695968
2821979
4917791
2815369
3346791
2813754
5672507
2814158
4696438
2808815
4917960
2808901
3347326
2808998
5680708
2809454
4696815
2809674
4912559
2822903
3378792
2822827
5680852
2822593
4695291
2822727
4908829
2823037
3378966
2823093
5683050
2823923
4695388
2824629
4908982
2825051
3380382
2825459
5683172
2826314
4671039
2826882
4909000
2827432
3380739
2827514
5686033
2822502
4671144
2822190
4910495
2822299
3381072
2822536
5686224
2822560
4671416
2822562
4910500
2822369
3373424
2822403
5685113
2819417
4669741
2820631
4924841
2822177
3373711
2790596
5686278
2782462
4648775
2783432
4925089
2788222
3374727
2788499
5687534
2788843
4664956
2789469
4925647
2789473
3375318
2789494
5691430
2789640
4663596
2789790
4926187
2794596
3376566
2795281
5691455
2795564
4663767
2798804
4926371
2798856
3383408
2792175
5691820
2792287
4663867
2792359
4926381
2792657
3383533
2792664
5690707
2790933
4667377
2790909
4926488
2780654
3383654
2781801
5690739
2782257
4657905
2784542
4920150
2784881
3383659
2785280
5691018
2786047
4657925
2786528
4920627
2787706
3382283
2780239
5711896
2780125
4657629
2779655
4977532
2776308
3382528
2777740
5709745
2778369
4660727
2778383
4978010
2778406
3382932
2778472
5715774
2778643
4651761
2772207
4978050
2772658
3377578
2771225
5707692
2771531
4651302
2776457
4972062
2776495
3377862
2776610
5707787
2765838
4654165
2770176
4973503
2771026
3369078
2769103
5709276
2767789
4655279
2767943
4974161
2766534
3369755
2766818
5702325
2766872
4655460
2767007
4968992
2767031
3371841
2767386
5704390
2767471
4655572
2764911
4969952
2765562
3372355
2764147
5706260
2754520
4655733
2758461
4969956
2758558
3365796
2758879
5697403
2758919
4640799
2761311
4971194
2761789
3366253
2756695
5688891
2756916
4639839
2756173
4959580
2756246
3366499
2755010
5689524
2755564
4641946
2754909
4960397
2754178
3363512
2754286
5694245
2753824
4641992
2753834
4960495
2753627
3363644
2753629
5695710
2751318
4642085
2751829
4962474
2752200
3362295
2747132
5695815
2752370
4642639
2750097
4967938
2750454
3362462
2750541
5696500
2749657
4642756
2749798
4968512
2749815
3358725
2749838
5697586
2749448
4644660
2749342
4968915
2749419
3361638
2749131
5701022
2747692
4645273
2747707
4966648
2748804
3361798
2748820
5700286
2748891
4645921
2748927
4966790
2748947
3438110
2747475
5700378
2747824
4647231
2747859
4967119
2747914
3434674
2741688
5769607
2743329
4639358
2743398
4954730
2744382
3436575
2742553
5769710
2742810
4638030
2743781
4955182
2744033
3436608
2744185
5766878
2744189
4637205
2744210
4955335
2746248
3439705
2746696
5767229
2746431
4636009
2741856
4955859
2745005
3439917
2745061
5755040
2745724
4635144
2745739
4956689
2737325
3440835
2737587
5763678
2737780
4635221
2736563
4956982
2736848
3441007
2736873
5764294
2735535
4636426
2735635
4957045
2736199
3441189
2735695
5765221
2735759
4636795
2735773
4958257
2738395
3441226
2739979
5773844
2740710
4379160
2740799
4963998
2740925
3442553
2741134
5770292
2741455
4380913
2737946
4964018
2739770
3443585
2723180
5771651
2725488
4380631
2725501
4964662
2725862
3443588
2725867
5776424
2727351
4380658
2727596
4964760
2726295
3434355
2726573
5777269
2726617
4379242
2726681
4964816
2726827
3429959
2721833
5777859
2724190
4379394
2722584
4965059
2720182
3435699
2720289
5774502
2720769
4379613
2732185
4965378
2732251
3436239
2730519
5775482
2727695
4380000
2728635
4965457
2728678
3432492
2728894
5775511
2729041
4380215
2733784
4965716
2733878
3432831
2733260
5775515
2734612
4380321
2734845
4965845
2735352
3433223
2735408
5751758
2706362
4380448
2707284
4966196
2709519
3433233
2709544
5748425
2709847
4381435
2709312
4951221
2709125
3431506
2713154
5748885
2712525
4381527
2712848
4951382
2713018
3431568
2712012
5749435
2712029
4381745
2710047
4951988
2710478
3431633
2714774
5745074
2714852
4382064
2719327
4952049
2719628
3418503
2719640
5745470
2719945
4382197
2718173
4947147
2718484
3418715
2718738
5745728
2717315
4382655
2717838
4948538
2717839
3419663
2713865
5745838
2713382
4383533
2715803
4953849
2715993
3419834
2715485
5743937
2715650
4368242
2715700
4941272
2690862
3419909
2691117
5763013
2691185
4370099
2689392
4944407
2689736
3417342
2689802
5762149
2689937
4370304
2689971
4945412
2693269
3414441
2693490
5758904
2693572
4374453
2691877
4946001
2692078
3422251
2692175
5759725
2692549
4361033
2692837
4946342
2689225
3422479
2688872
5761292
2688547
4361766
2686515
4863811
2686600
3420086
2687183
5754200
2687325
4363998
2687331
4865235
2688059
3417523
2688231
5755876
2684851
4377672
2685371
4865384
2685497
3417583
2685856
5756524
2616844
4377733
2617084
4860927
2622907
3420524
2636903
5757285
2640775
4376619
2666111
4860445
2523652
3420980
2525979
5793641
2566317
4376641
2701867
4858109
2701939
3424925
2702068
5786100
2700735
4376712
2700834
4870715
2701349
3422526
2701630
5795633
2704630
4376878
2705101
4871821
2705294
3429704
2706026
5795741
2704364
4376888
2703898
4873179
2703813
3412714
2703721
5796593
2694583
4375861
2693964
4873524
2695162
3414162
2695319
5800951
2695352
4377380
2700015
4873657
2697802
3413903
2698311
5791527
2698433
4377440
2697393
4868016
2697483
3417021
2697520
5791800
2696693
4394966
3334387
4862337
3334417
3417139
3334500
5792800
3334522
4394974
3334525
4875965
3334397
3404715
3336572
5788275
3336603
4394987
3336613
4868419
3334044
3404791
3331938
5789296
3332231
4394994
3329400
4869111
3329437
3404937
3329455
5790194
3329605
4395097
3329907
4870220
3337198
3405136
3337199
5790217
3338378
4395172
3338942
4880052
3339113
3405178
3339498
5790860
3341325
4395174
3343285
4880154
3343719
3405390
3343749
5785690
3344162
4395230
3277390
4880476
3277426
3405626
3281499
5783133
3281554
4395317
3281742
4881645
3282411
3405963
3277992
5784079
3278876
4395385
3279261
4884321
3279344
3406514
3280018
5784290
3280053
4392565
3280084
4884442
3271503
3389670
3272112
5778834
3272498
4391523
3272582
4885190
3273866
3408601
3274639
5776035
3274744
4389588
3274863
4882071
3276950
3397296
3269087
5778938
3269324
4389603
3268469
4882590
3269522
3397802
3270359
5779310
3271399
4395872
3288352
4883953
3288419
3407062
3287804
5779486
3287773
4396113
3287784
4888266
3286966
3388457
3287001
5805428
3287021
4394862
3287038
4877769
3287055
3387472
3287062
5793487
3286067
4395621
3286890
4878446
3286911
3387857
3277466
5802057
3284727
4395672
3285335
4878730
3283592
3387173
3283637
5808536
3293498
4395500
3315838
4886117
3314943
3387242
3315057
5808613
3315068
4395504
3315169
4886337
3322276
3387356
3323699
5806210
3326204
4395543
3328827
4886365
3328867
3393675
3306354
5806062
3305965
4395546
3308930
4886714
3309227
3392304
3309252
5810659
3307186
4393802
3307681
4886810
3312364
3402292
3313338
5811209
3313508
4393856
3313509
4887141
3314193
3403045
3314234
5811890
3294688
4394116
3295501
4887966
3295568
3395433
3296192
5812092
3296193
4394465
3300354
4891129
3300377
3395934
3301712
5818395
3303367
4385639
3297733
4891266
3297751
3714442
3299461
5813914
3291752
4385792
3291035
4892141
3291081
3714805
3292766
5814086
3293828
4385807
3292751
4889391
3223364
3715188
3223370
5814870
3223714
4385885
3223818
4889919
3223865
3715201
3223871
5815285
3222919
4384907
3222926
4890216
3222947
3716023
3223019
5910955
3223059
4385131
3223077
4893273
3223085
3716182
3223093
5895652
3223226
4385155
3223237
4893429
3222787
3718458
3222789
5906943
3219662
4385191
3219994
4893548
3222631
3713553
3222634
5907087
3222644
4386720
3222648
4893641
3222651
3719943
3222765
5907237
3226167
4386458
3226224
4894703
3226226
3713887
3226227
5909774
3226238
4386498
3225741
4894730
3225832
3708329
3226104
5899830
3230395
4386945
3230511
4897607
3227273
3710164
3228086
5900389
3229052
4387076
3229467
4898689
3231167
3710282
3235182
5900461
3235782
4388584
3250123
4898959
3256415
3711139
3256560
5900633
3258523
4388994
3260063
4894892
3260569
3711502
3251703
5900662
3251985
4388313
3252753
4894904
3253353
3706607
3266322
5901423
3266331
4388492
3266558
4895148
3266696
3704581
3266754
5901474
3266861
4388649
3266863
4895789
3268055
3705754
3268198
5901506
3261402
4388794
3261485
4896309
3261801
3705910
3262441
5902360
3262482
4388835
3263778
4896421
3265071
3726037
3232750
5904143
3237631
4308377
3238160
4896758
3237467
3726125
3239826
5904159
3239993
4305161
3241077
4897010
3251420
3727222
3251432
5916532
3251434
4308024
3249155
4899342
3249168
3729758
3249169
5917397
3247052
4308055
3247948
4901904
3247975
3730659
3244389
5917552
3244535
4309756
3244678
4902785
3212268
3732972
3212643
5915853
3209499
4308819
3208142
4902495
3207463
3737420
3214475
5915860
3214495
4310725
3212757
4902646
3213109
3738683
3213772
5915915
3222020
4303355
3222043
4901355
3215767
3743132
3215851
5912655
3217494
4303629
3214535
4900660
3214547
3743311
3214827
5913497
3214982
4304004
3215153
4900875
3199715
3736788
3199754
5914801
3197470
4306581
3198158
4903508
3201972
3735178
3202263
5914922
3206657
4299444
3204658
4904357
3206626
3733175
3202607
5914960
3203708
4315086
3203753
4905403
3191295
3733782
3191621
5915104
3194381
4311317
3194551
4906444
3194912
3733971
3191143
5888377
3189583
4312225
3187050
4906588
3187055
3734801
3184014
5888391
3186318
4314165
3186391
4907459
3186717
3674869
3181566
5888779
3181635
4314784
3178763
4908007
3184043
3673444
3170934
5889103
3171518
4318327
3171523
4908071
3171879
3675699
3171989
5889430
3173549
4318338
3177580
5172875
3177666
3676407
3174896
5889447
3174928
4317038
3174626
5173588
3176023
3676481
3176110
5890104
3177321
4317170
3005849
5174939
3006883
3676752
3008474
5887789
3009218
4317462
3012972
5176796
3015850
3677158
3016373
5887890
3003102
4317623
3022864
5179139
3030070
3677188
3032976
5885298
3033246
4317844
3033360
5179742
3042411
3677626
3030759
5885369
3035661
4319924
3031130
5180143
3049941
3679794
3050197
5890243
3051020
4320081
3043091
5181103
3043601
3679994
3045981
5894186
3090704
4320256
3085708
5181240
3090996
3680426
3091063
5894197
3091765
4319218
3092826
5171196
3080282
3684964
3080409
5894313
3077468
4319571
3078345
5172011
3079494
3686349
3073580
5897101
3073767
4316957
3072494
5168522
3060242
3686587
3055403
5897792
3056081
4326000
3056189
5168613
3056193
3687690
3046856
5897946
3051790
4326581
3052592
5169666
3052737
3703918
3064909
5897987
3065262
4320657
3065622
5162400
3065718
3703005
3065954
5898137
3066279
4322504
3070372
5162278
3069101
3699598
3062968
5898407
3149624
4323492
3149846
5160935
3145566
3694482
3146923
5898750
3135124
4323670
3135141
5161325
3135582
3690074
3135629
5899130
3135665
4327832
3144186
5161368
3141498
3691366
3163390
5899351
3168428
4327693
3164616
5163273
3165532
3693642
3162132
5899464
3161465
4328577
3161482
5163993
3161703
3695569
3151078
5899580
3157272
4330529
3155177
5165319
3157781
3695943
3158490
5924112
3103847
4330544
3094475
5165538
3095217
3695963
3095401
5924374
3103372
4334013
3104890
5165651
3105007
3698560
3105967
5924960
3104744
4334187
3104750
5166047
3104757
3698816
3106541
5925115
3106771
4335034
3107508
5167585
3109894
3618988
3115228
5925148
3115496
4335760
3115549
5199665
3106453
3619344
3130215
5925274
3121026
4330802
3121234
5190968
3123991
3619688
3124361
5925575
3125168
4329399
3116582
5189282
3117530
3617314
3118699
5918923
3118793
4331018
3118873
5200320
3118960
3615076
3120085
5919836
4332092
5200672
3608428
5920555
4341375
5200755
3608940
5920675
4342372
5200879
3609855
5925837
4339738
5201092
3608138
5925947
4340226
5192361
3608301
5925973
4345664
5192830
3608336
5922064
4345741
5194347
3612678
5922466
4346557
5195639
3629387
5922756
4337195
5195687
3631565
5922868
4337917
5195921
3631652
5923657
4337992
5185856
3629841
5928975
4336684
5152787
3634816
5930321
4357804
5153401
3634591
5930471
4358197
5153495
3634602
5926619
4358692
5145805
3632077
5927118
4355199
5151600
3633781
5928258
4356156
5152243
3621352
5928395
4349408
5159171
3622408
5942739
4351248
5160126
3622683
5941171
4354476
5157143
3623025
5941219
4455682
5158258
3623932
5921707
4447942
5135436
3627392
5936434
4450169
5135736
3627753
5938268
4450506
5142513
3628124
5938305
4451054
5143492
3628155
5938525
4451405
5147794
3638284
5939403
4460872
5148308
3639245
5952242
4460071
5148412
3643911
5952892
4463838
5148806
3644436
5951145
4452267
5149057
3644466
5951277
4462602
5149170
3650737
5940644
4463993
5149727
3650787
5945289
4464009
5149948
3653067
5945650
4464672
5150373
3653270
5946214
4482346
5150413
3653939
5947119
4483966
5118453
3646350
5821291
4487978
5117245
3648626
5820383
4485934
5120165
3648100
5819594
4478641
5121062
3648322
5821685
4479112
5122386
3643746
5822355
4480707
5122431
3654886
5826389
4474857
5119247
3656969
5828289
4475758
5123736
3663614
5829114
4468315
5123110
3660087
5822679
4465508
5123141
3657825
5824748
4466064
5130514
3659263
5825049
4467395
5132871
3659348
5825561
4467839
5132939
3659439
5834935
4474610
5125353
3668818
5835057
4473677
5134475
3667476
5833040
4502052
5133483
3664149
5833124
4499867
5136243
3661204
5833224
4500490
5136928
3670387
5829425
4504313
5138082
3670845
5829453
4504468
5139072
3771517
5830371
4504617
5250704
3769416
5830857
4504711
5250881
3769860
5831112
4504738
5251022
3771283
5832320
4504761
5251083
3767401
5832369
4508386
5251159
3768277
5832371
4507301
5253112
3766256
5858934
4507822
5255270
3766574
5852886
4503112
5255575
3766930
5853514
4503137
5256219
3758762
5853642
4503220
5256237
3763441
5853930
4503370
5256375
3765821
5855383
4505252
5256450
3766130
5852487
4505754
5256467
3764427
5850177
4491119
5256514
3762390
5837051
4491407
5256912
3748145
5835400
4491833
5257016
3748231
5835728
4492304
5257548
3748300
5835998
4492635
5255237
3748310
5845156
4489395
5259997
3748344
5846338
4490637
5259035
3748591
5842205
4494496
5259083
3747035
5843743
4493320
5250299
3747499
5847908
4494827
5245212
3744120
5846722
4495290
5249686
3744803
5867947
4495305
5249728
3745807
5873991
4495759
5250052
3749993
5874374
4500726
5245636
3750056
5872344
4500758
5246680
3750817
5872556
4501026
5246804
3751088
5875978
4501095
5248666
3748850
5877043
4501255
5248747
3749547
5877622
4497833
5249052
3751188
5877631
4496713
5237634
3751284
5877760
4496380
5237823
3755620
5878037
4433053
5237915
3752590
5880313
4433126
5238022
3753132
5880627
4433818
5238213
3753694
5881295
4429984
5239525
3777308
5881998
4430011
5242089
3777350
5882846
4431596
5243146
3777992
5882895
4430306
5240590
3778307
5883231
4430575
5241601
3780601
5883268
4430754
5244314
3775587
5884197
4425457
5244480
3774830
5861270
4425525
5204353
3774894
5855536
4425953
5204437
3775062
5856815
4426279
5204604
3775454
5851809
4426612
5204695
3785689
5861710
4426797
5202603
3786171
5861791
4427024
5203022
3786501
5863062
4419673
5205006
3783157
5863091
4419904
5206857
3783477
5863310
4420971
5206105
3783926
5864176
4443084
5206459
3789017
5867435
4444156
5213792
3789112
5868845
4444958
5214033
3790601
5870530
4444967
5215123
3790895
5564232
4438488
5215192
3791059
5564332
4438839
5215254
3795071
5564544
4439412
5211098
3795246
5560202
4447381
5211409
3797324
5560478
4447276
5212868
3797961
5560593
4439684
5212869
3781375
5552731
4440490
5213303
3782217
5554173
4440856
5235054
3802214
5555195
4436714
5235578
3802246
5557834
4435223
5229872
3798379
5557990
4434253
5229978
3798811
5557529
4415651
5230693
3809532
5544603
4414686
5230696
3811404
5545780
4414044
5232103
3811468
5546974
4414110
5218434
3805398
5549516
4411304
5218597
3800097
5542691
4411480
5218763
3805866
5541874
4412247
5219707
3833767
5544131
4408791
5219942
3835732
5531979
4409089
5221642
3836871
5531834
4415719
5226168
3839202
5536144
4415769
5223894
3843163
5536219
4416961
5224211
3843303
5533328
4415552
5215629
3831997
5536325
4417887
5215848
3832079
5537269
4418622
5004215
3828124
5537695
4418937
5005095
3830966
5538391
4419019
5006094
3831120
5539450
4405236
5007237
3824882
5539501
4405708
5013174
3825277
5539969
4404272
5008555
3826186
5523323
4404293
5010309
3818406
5524859
4404324
5010957
3816621
5525631
4404201
5011538
3817787
5519887
4405912
5011556
3821182
5520061
4406071
4996609
3819769
5521073
4406606
4998616
3820521
5522063
4407065
4991302
3822271
5531709
4409574
4994599
3823061
5528551
4409810
4995182
3815269
5527107
4409890
4995424
3816184
5526754
4409955
4995456
3812865
5569547
4403594
4995948
3813390
5569646
4400480
5003218
3813988
5567820
4399517
5000152
3814078
5567980
4398319
5001046
3838943
5568382
4397341
5001208
3844861
5566874
4399425
5001505
3850366
5567015
4152535
5001804
3850712
5566299
4153167
5002127
3855684
5577020
4154241
4993029
3855986
5577245
4154327
4993506
3853800
5551754
4151972
4993772
3854579
5580045
4152034
4985080
3863588
5573503
4152378
4985269
3857903
5574207
4149215
4985798
3859989
5581886
4150158
4986571
3860887
5592573
4147975
4986837
3861600
5592582
4148681
4987134
3875374
5594653
4141398
4987172
3875516
5596153
4139925
4983274
3875732
5598886
4138604
4983864
3868590
5599406
4138610
4984011
3869191
5591110
4138973
4982926
3871461
5592051
4141582
4979852
3877579
5592468
4145168
4979938
3877648
5590513
4145586
4981183
3864735
5589346
4142323
4981349
3865969
5588651
4142843
4981745
3867707
5587928
4134403
5034486
3867169
5587628
4134456
5028237
3867592
5586744
4134793
5031329
3866862
5584987
4133764
5036398
3959976
5631550
4133785
5040741
3958933
5631693
4138187
5041515
3959351
5632634
4136847
5018951
3959526
5632659
4136926
5024093
3962428
5632718
4137574
5014649
3962599
5630962
4128845
5018690
3962658
5631126
4129823
5015431
3960298
5630679
4129899
5016110
3961546
5630882
4130863
5016895
3961620
5643065
4132557
5017125
3964032
5635049
4132796
5017259
3964692
5643794
4128182
5053888
3963367
5641484
4128260
5058193
3965079
5636896
4128512
5053108
3967002
5637532
4126165
5059081
3966332
5637901
4126516
5059884
3969207
5657823
4127160
5060619
3967742
5657831
4127453
5063468
3969813
5657891
4123569
5063551
3970099
5658545
4124698
5062871
3970524
5659654
4167116
5042627
3980366
5653421
4163771
5043002
3976755
5650581
4155611
5043649
3977401
5650826
4166632
5047018
3977622
5652114
4166225
5047291
3975274
5644425
4159209
5041932
3976153
5645945
4159731
5045250
3976218
5654326
4160227
5048085
3974236
5662273
4160499
5048409
3974463
5663274
4161407
5116438
3974977
5664258
4161441
5113643
3943185
5665431
4156667
5113824
3944048
5665856
4156778
5112606
3944200
5666970
4157295
5112623
3944256
5667069
4157570
5109882
3945045
5668229
4154438
5110282
3945203
5668255
4154825
5110518
3945406
5669047
4154963
5107773
3946493
5669985
4177397
5108047
3945674
5601164
4177603
5108528
3946580
5602106
4175624
5108723
3938487
5600139
4175898
5104864
3941367
5600509
4162985
5105237
3941796
5600821
4171949
5105326
3928310
5600870
4172605
5101914
3928745
5603232
4173086
5102375
3933275
5604053
4173116
5103535
3937331
5604297
4180444
5104375
3935247
5614049
4179997
5098889
3948853
5613247
4181211
5099152
3949188
5609597
4179176
5100010
3950614
5605357
4177819
5101163
3950969
5605878
4178086
5101311
3946617
5612484
4085245
5101453
3947901
5629302
4083572
5097182
3948268
5629482
4083764
5097593
3958827
5627813
4084407
5091295
3957009
5628082
4080049
5091828
3958407
5628797
4078812
5092131
3953769
5628837
4080850
5094529
3954254
5629279
4073610
5094728
3952123
5624879
4072870
5095405
3955321
5625750
4072879
5095566
3887651
5626499
4077231
5092252
3886905
5626526
4077233
5092318
3887034
5626893
4075771
5092404
3889871
5621880
4075847
5090596
3891088
5623428
4090677
5090995
3888935
5623477
4094029
5089471
3892727
5617607
4094050
5089937
3891385
5620224
4095522
5090012
3891983
5449186
4087131
5089198
3892224
5449318
4087579
5089207
3892302
5449788
4089830
5087730
3885380
5451338
4089561
5088049
3885398
5451486
4089564
5088063
3883085
5441874
4088635
5086071
3883095
5442612
4088781
5085799
3878874
5443680
4106065
5078336
3878896
5441511
4117344
5078377
3879333
5435489
4117499
5080390
3879937
5437719
4115563
5080397
3905121
5423604
4110955
5080559
3905434
5424140
4112169
5081039
3908036
5424506
4112239
5082389
3908621
5424623
4113793
5078521
3908707
5427292
4113833
5079009
3910753
5428281
4114978
5079355
3911650
5428763
4117643
5065370
3901189
5429539
4118139
5066156
3902620
5430433
4118153
5066875
3903529
5430623
4120590
5067096
3896827
5432305
4122729
5067613
3897186
5438953
4121970
5069508
3899585
5440147
4101302
5070032
3921007
5440932
4101690
5070659
3921501
5441044
4102354
5070903
3920878
5457177
4103047
5070911
3920074
5458062
4103194
5072904
3920101
5458150
4103802
5071214
3919287
5458339
4103832
5075102
3894902
5458371
4104388
5075675
3918679
5453764
4099181
5074395
3914920
5453172
4099522
5076681
3915234
5453633
4100592
5076684
3915606
5447085
4097512
5076946
3903997
5452093
4096814
5077520
3904008
5452144
4096866
5077572
3917432
5452969
4098267
5396660
3917577
5464657
4091026
5397171
3916349
5461397
4105083
5397882
3916579
5461671
4105091
5398108
3916586
5461848
4108818
5398306
3916911
5456539
4108965
5398651
3927146
5456653
4110049
5320801
3927621
5459364
4110137
5321175
3925961
5414838
4106702
5317311
3926296
5414859
4213141
5318471
3926420
5414261
4216770
5318674
3926599
5414936
4210869
5319384
3925635
5413390
4211457
5325588
3925397
5406955
4206673
5324725
3925806
5413756
4208336
5323471
3923550
5413764
4210001
5316030
3923618
5413890
4210180
5315537
3923996
5402240
4210589
5316422
3924165
5402248
4210835
5316947
3924253
5400953
4209021
5315886
3924305
5401079
4209140
5314881
3923246
5401134
4226828
5310780
3922714
5405941
4229251
5312326
3922725
5404430
4230608
5312954
3922923
5412021
4231620
5310553
4024600
5412057
4232722
5308177
4025006
5412114
4234066
5308230
4025723
5412249
4234393
5305062
4028051
5423083
4235294
5299137
4027842
5422472
4235358
5307276
4026317
5422519
4236066
5307345
4026920
5422625
4236218
5307888
4020065
5422894
4218377
5290228
4021192
5420169
4218712
5290785
4024278
5420907
4219489
5293100
4021283
5421289
4223992
5298884
4021328
5421360
4224146
5293417
4021623
5421417
4225058
5294288
4019532
5421448
4221625
5294911
4001408
5421587
4221349
5295573
4004196
5421762
4188747
5296544
4009046
5415237
4189796
5297302
4010361
5415512
4187633
5276613
4010469
5419040
4187804
5279132
4009848
5415883
4187809
5279543
4011015
5416256
4191016
5278573
4011758
5416296
4191170
5275148
4012033
5416373
4191625
5275192
4013484
5416986
4186512
5275705
4019027
5500145
4186818
5275771
4016502
5499167
4184197
5275784
4017301
5496159
4184374
5275813
4015758
5496742
4184045
5284421
4014619
5494076
4185774
5280693
4015118
5494095
4185825
5281896
3990929
5493403
4185979
5282037
3990845
5491671
4199795
5283299
3989487
5494822
4193965
5288504
3989987
5491311
4194098
5288689
3990043
5489094
4200251
5289324
3989450
5489788
4200654
5289722
3988393
5490685
4195659
5263128
3989153
5487235
4197113
5263698
3987756
5487368
4197306
5264851
3987864
5487457
4198918
5261932
3983348
5487929
4192345
5262628
3984563
5487974
4192902
5262749
3984869
5488035
4193199
5263017
3985367
5519602
4202978
5257669
3986081
5518931
4203053
5257706
3986478
5517876
4203261
5271116
3986813
5515833
4203604
5266565
3999558
5516226
4203777
5268756
3999728
5512514
4204156
5269893
4000473
5513809
4204491
5271747
4000670
5514218
4204996
5272356
4000874
5514397
4205028
5272359
4003625
5514442
4205269
5272980
4003772
5514826
4205286
5273644
4003843
5514878
4206118
5336491
3998881
5515103
4205712
5337207
3996090
5505723
4269921
5335071
3996407
5508015
4272103
5335439
3997087
5501079
4282720
5335568
3992690
5509560
4282747
5335632
3994238
5511939
4280897
5335811
3991989
5511218
4273214
5330372
4037533
5511393
4273232
5330874
4037703
5511547
4273575
5331143
4038608
5509747
4273752
5333263
4039697
5479634
4273824
5333452
4039724
5479837
4273993
5333858
4039881
5480321
4274029
5326492
4040047
5480363
4274044
5328893
4044762
5476891
4275328
5327738
4045286
5477224
4275380
5329151
4047083
5479027
4276283
5332783
4047496
5477841
4276883
5332883
4047510
5478084
4277013
5333072
4047617
5486261
4277186
5333075
4047652
5487144
4277906
5349831
4047747
5484883
4278772
5350641
4049767
5485346
4284451
5350763
4049850
5483466
4282951
5351454
4049646
5482563
4283449
5351488
4052416
5482641
4284655
5347223
4041172
5467636
4284699
5348517
4041413
5472640
4285209
5348880
4041852
5473130
4286608
5337381
4042086
5469913
4288587
5337563
4043012
5469445
4295718
5338103
4030793
5476256
4294277
5338922
4029236
5476758
4294549
5339234
4029811
5475315
4289431
5339459
4031846
5476006
4296542
5340022
4028361
5473994
4290719
5341541
4032666
5469166
4292101
5341681
4033991
5468092
4292398
5341788
4034254
5468747
4292602
5342563
4036285
5468010
4292872
5345243
4034684
5465989
4293416
5345287
4034789
5466109
4293625
5345473
4034796
5466722
4294174
5346471
4035119
5466752
4239175
5378998
4069828
5467240
4242772
5371817
4070142
5372103
4243380
5372303
4069457
5385117
4244176
5382854
4069483
5382298
4239385
5380572
4069349
5381357
4238094
5388252
4066443
5388221
4240505
5389347
4068256
5390036
4241574
5390550
4068406
5392347
4247730
5392895
4070896
5386688
4248661
5385684
4072765
5386933
4248751
5361720
4061424
5369315
4249680
5374601
4060953
5375489
4250217
5376208
4059485
5376835
4255483
5352753
4059499
5360992
4261350
5360213
4065488
5360331
4261442
5355052
4065625
5355196
4261467
5356484
4065885
5356750
4262387
4054087
4265201
4056270
4265289
4059653
4265363
4060215
4265377
4060250
4266866
4060684
4266345
4058700
4262857
4058518
759838
1771269
775895
496162
216893
5467391
3114634
4269424
1578768
5353500
1767070
4057340
126039
5468836
3134370
4262757
1578899
5353609
1837890
4057448
119682
5475082
3114201
4262110
1578958
5353910
1846694
4058279
119571
5481772
3106200
4241685
1578677
5360426
1749152
4063120
119581
5481875
3103554
4238722
1578525
5361449
1744677
4068490
119609
5487181
3160055
4241927
1578520
5376901
1705344
4070882
112949
5486119
3157665
4292016
1578990
5377058
1684952
4035167
113626
5510451
3162465
4289168
1579030
5368866
1680938
4034300
118170
5509185
3163125
4289254
1579033
5368537
1662802
4031345
105386
5488220
3168266
4274471
1579046
5387643
1669533
4044137
105501
5499818
3138634
4283255
1597913
5334489
1635728
4052569
99435
5500805
3149587
4282796
1588795
5345821
1635737
4051463
99552
5419060
3083508
4203211
1588800
5339021
1635762
4051803
17009
5418662
3047615
4192668
1614442
5352223
1635791
4040271
20558
5406265
3047902
4199593
1611455
5329659
1635995
3991607
32478
5401878
3038717
4183082
1601625
5330782
1636021
3991811
34515
5465742
3042047
4186148
1577366
5326074
1636057
3992052
42230
5464200
3030416
4186210
1576999
5335837
1635072
3999016
49363
5454182
3020837
4187339
1577057
5270272
1635092
3998163
56918
5424019
3030065
4191925
1577125
5290088
1635251
4004189
59408
5624080
3001695
4187646
1577127
5287556
1619003
4001741
74270
5627002
3181155
4226181
1577217
5285155
1620393
4001380
78059
5629641
3178373
4231987
1576841
5275437
1622368
4000025
83310
5604868
3178374
4237070
1576967
5297996
1622654
4000049
88193
5671073
3174483
4230615
1576986
5290916
1636814
3981742
89969
5660207
3172541
4211163
1576112
5315814
1636436
3987321
86997
5650100
3184033
4213834
1576003
5324027
1636548
3989576
87483
5643857
3184594
4106974
1576162
5324381
1637059
4013778
298626
5631492
3190742
4107386
1576193
5321223
1637156
4009462
308912
5633496
3200216
4105649
1576613
5321462
1637359
4004924
300607
5586750
3200512
4105661
1576642
5399478
1637821
4008052
300343
5573443
3195811
4105938
1576557
5398560
1639606
4007369
421404
5565536
3214516
4102047
1576559
5388970
1640607
4019894
355991
5569206
3244833
4102298
1576207
5076073
1640163
4021956
356007
5567955
3249523
4122427
1576284
5069523
1640400
3922958
229550
5571133
3242295
4121836
1576286
5083901
1640466
3922315
229249
5544405
3243138
4115024
1577705
5082622
1639427
3924451
291411
5551698
3243160
4115570
1577729
5087973
1639072
3925831
273698
5871724
3237496
4115649
1577761
5088738
1639143
3916267
256731
5869070
3266784
4116290
1577789
5091102
1638077
3918540
454149
5867944
3253436
4089147
1577799
5113177
1638255
3918654
457623
5865102
3251059
4090910
1577446
5116596
1638411
3895903
591766
5863377
3251475
4093493
1577642
5047947
1638817
3893440
610557
5860843
3253446
4075555
1577657
5044375
1638889
3900871
633686
5882090
3253912
4073038
1577661
5063899
1655737
3913535
681017
5872229
3232082
4080419
1578504
5060740
1640891
3883656
682495
5848064
3227271
4085344
1578507
5037757
1648334
3885753
685147
5836704
3226580
4085698
1578438
5033302
1648962
3886006
663873
5850670
3220854
4086943
1578162
5034254
2144746
3888962
679875
5852804
3225721
4178492
1578326
4980018
2139090
3955315
680324
5859345
3292680
4178556
1578329
4994481
2297322
3947825
513581
5825647
3292813
4179286
1109851
5226345
2298525
3951998
598340
5820203
3297502
4155230
1098920
5243190
2115021
3952048
419841
5820961
3297551
4162637
1097788
5240156
2294441
3933665
437187
5948614
3323831
4155759
1068571
5250257
2294895
3946561
437174
5952021
3323687
4164511
1041223
5260718
2204472
3945484
823242
5939943
3284248
4171870
1041760
5255252
2277563
3974355
776745
5920095
3286953
4123411
1223667
5253504
2290361
3970733
777256
5891673
3277833
4128176
1228708
5134262
2161553
3969977
759446
5885285
3277861
4133401
1226557
5125928
2164615
3969048
686587
5813760
3331053
4148955
1218970
5131568
2166035
3963765
687390
5813842
3329343
4154345
1127201
5123167
2375111
3867139
844558
5808644
3334552
4398522
1147556
5123907
2377094
3864950
844053
5778866
2696986
4402469
870103
5117579
2389968
3870473
996169
5786002
2697611
4403632
1011105
4903020
2295207
3871015
1034978
5793422
2698205
4403481
966484
4903760
2306003
3871324
937988
5754937
2699375
4407175
945634
4900940
2315749
3874294
923841
5747591
2699747
4404262
929445
4899745
2316428
3860682
874517
5749882
2694991
4415670
922523
4899048
2316431
3858051
912671
5749409
2694294
4415578
913006
4888890
2317708
3863787
911943
5775634
2691874
4411218
912286
4885462
2321378
3862791
894975
5766493
2706159
4436118
1575953
4876512
2372834
3851913
1575909
5765199
2704660
4436210
1575821
4877601
1899854
3816374
1575532
5768178
2704766
4438366
1575703
4867781
1885624
3816510
1575258
5714492
2703340
4423039
1575482
4945592
1826209
3818528
1575512
5691296
2700381
4499576
1487679
4943245
1873179
3824519
1491244
5692018
2519243
4495141
1498391
4968920
1864899
3828008
1501168
5686255
2534316
4508142
1501568
4968594
1870223
3840310
1502640
5683442
2539435
4506093
1502707
4966556
1921594
3841750
1502765
5725655
2557745
4502862
1503583
4978802
1922947
3837791
1509862
5724519
2558408
4456407
1510863
4976148
1923143
3838508
1234467
5721894
2561535
4462493
1233475
4977233
1925730
3806963
1263006
5733591
2531848
4451663
1265877
4921689
1926608
3805832
1260079
5731749
2549860
4452182
1260096
4912196
1918876
3808548
1307212
5734730
2554038
4349611
1325036
4930450
1918552
3808919
1335269
5963779
2679810
4357810
1280599
4931360
1904862
3798969
1391539
5954536
2686086
4322952
1392816
4812783
1911880
3786971
1415732
5994491
2688470
4318375
1419897
4799593
1913271
3791223
1447392
5974225
2687010
4315603
1429974
4793775
1913663
3772844
1434365
6027159
2688587
4304079
1440413
4794799
1916344
3776077
1465040
6021862
2689338
4310638
1454647
4806785
1916598
3755634
2690583
6032017
1917786
4388873
2715754
4790063
2033501
3751097
2716647
6018661
2038465
4390253
2713778
4785712
2044558
3748703
2715336
6021070
2025175
4390889
2711321
4835269
1966703
3748502
2712362
6013457
1934111
4387461
2713078
4846098
2502773
3748567
2713153
6040950
2493316
4386911
2706724
4771120
2424800
3758745
2734661
6055570
2437836
4395600
2734387
4747398
2444124
3757175
2734099
6035564
2446469
4393610
2733304
4756631
2448888
3764764
2731702
6034272
2430827
4378490
2733947
4757982
2422749
3669279
2730605
6034410
2424069
4375663
2729855
4759980
2424112
3669522
2732951
6062341
2414483
4381325
2722752
4731936
2497136
3672197
2724345
4725142
2471685
4384187
2727068
4740894
2472451
3665008
2727441
4738411
2473102
4384271
2723398
4741866
2468327
3660453
2726133
4742907
2464898
4384473
2739882
3657013
2465246
4383076
2739449
3657818
2465814
4380560
2738055
3656205
2738151
4380622
2738905
3656409
2741598
4379188
2741649
3646994
2736202
4636388
2735675
3647081
2737907
4638924
2745536
3645057
2746145
4648550
2743063
3644447
2744688
4652463
2743628
3640226
2743637
4661440
2741733
3638225
2742393
4658143
2748064
3625165
2748195
4658759
2748427
3611346
2747579
4668555
2746970
3614572
2749481
4664443
2749665
3618664
2750620
4695583
2750274
3699361
2750367
4695952
2752358
3702718
2751942
4689423
2750969
3679161
2753646
4686359
2753572
3674427
2753884
4694799
2754359
3740674
2756481
4681640
2757350
3733061
2756615
4674762
2762836
3731547
2759002
4712374
2758299
3727329
2764039
4708006
2765711
3728288
2767715
4563117
2769246
3723888
2771170
4565988
2770545
3704406
2765938
4565237
2776774
3721192
2777525
4564079
2775711
3396382
2771706
4564111
2771941
3403403
2772107
4549560
2772706
3388180
2778909
4521160
2779704
3388625
2779343
4522752
2779580
3389050
2780130
4523246
2787925
3408541
2781988
4510685
2793806
3406605
2798448
4510775
2790224
3423117
2782547
4544806
2790749
3423510
2783673
4535287
2783770
3436276
2822469
4584392
2822588
3436564
2811463
4573625
2812400
3430426
2814370
4570714
2815370
3362245
2822084
4588195
2820977
3365427
2800701
4601485
2802961
3367197
2858734
4605966
2852726
3382256
2857344
4613065
2853930
3384785
2876363
4633331
2862897
3386151
2842043
4621988
2841833
3386315
2834197
4622556
2824142
3386453
2893913
3374586
2883911
3381245
2900442
3347700
2906316
3350973
2907573
3359764
2908816
3361510
2905469
3361528
2930942
3561399
2929808
3551858
2964432
3538667
2964624
3542616
2965495
3545002
2965239
3567701
2989153
3565425
2957629
3561815
2953274
3605511
2953313
3600448
2963776
3601223
2933612
3585976
2933613
3456626
3450858
3436830
3445028
3445203
3447785
3463244
3490662
3482446
3469106
3475774
3492685
3489460
784337
227260
5041848
2463793
4531324
1294827
5379529
2781339
3537449
429602
4411015
2470876
3689959
1268950
4413501
3094225
3636677
429763
4177036
2477605
4065186
1183694
2472319
430080
2421867
1203292
2424634
315866
2443825
1219744
1937372
785372
1904681
1578518
2375044
759908
2325806
1577826
2333068
708818
2315234
1577719
2390778
713051
2295137
1577720
2103727
439322
1640998
1576745
1641024
409244
1639040
1578695
1640623
429033
1640074
1578713
1638025
555535
1635562
1578984
1659867
547329
1578911
680781
608463
442164
487401
494600
441824
441658
440937
440665
1740651
876389
2390786
440667
1978605
877005
1994053
440393
2441160
904452
2407340
440398
1516097
441130
441661
496755
457979
686387
528040
430864
430867
438977
844543
844163
844498
844537
330832
305816
304895
304974
430154
429250
429413
429521
357911
359811
229592
133103
2655038
1427613
2480090
220733
2557021
1427653
2467190
227999
1862603
875997
1887094
227420
1754808
925963
1754825
229116
1754852
1578502
1821240
229521
1810846
255133
226721
226754
227720
227015
227555
347235
349537
349852
406163
431537
431761
431995
432060
432136
432329
331077
327251
327706
327857
328812
331503
339282
332438
867573
754180
438500
438760
439420
437591
437592
437593
437041
436762
436149
434676
431009
431211
432590
432859
433529
432939
433083
434917
435067
435179
435830
435903
435986
435987
433822
433892
434042
434412
632622
461757
447514
2564189
905673
1767464
450599
2398705
1428380
497080
1356236
496664
632679
642511
759451
759538
758715
776515
827187
863020
306244
297318
297416
297864
298356
422801
423121
227646
227346
227729
227786
227840
227875
227974
226986
226587
226673
270809
271426
284002
284145
284436
229499
239462
252073
248045
221894
210568
2533250
1305564
1890510
220736
2677405
1499595
2046635
252030
2490879
252316
228013
226688
226432
224425
225449
227274
227276
768593
759434
759444
759578
759640
759769
583178
497072
759418
227294