4090215
4557402
3567364
84500
4125737
3690341
4923677
4578505
3150441
3385274
3841818
5026451
5418884
3575575
4072880
5731275
6039911
5818791
4547087
3861962
3277227
2959881
4586773
5485861
3854997
4453673
2765306
3072705
3358971
5257630
3193382
5414456
4031807
4946928
5075701
4468310
4825226
75420
5222163
3069181
2735427
3930209
2979557
4367259
3974086
2878133
4624708
3122881
3223052
5060351
4313205
4310999
5613765
2976880
5413622
2736120
3636901
3045329
3187047
4928131
3222924
2979604
3783126
89261
4394798
2906222
4180791
4336047
3472591
4552726
4501765
4270880
4019163
3607145
5499452
2976869
4614213
3703607
5213484
4390114
3089541
4166808
2976754
2822863
3331650
4404109
3282751
3009327
3585100
5253907
5226976
5234480
4934677
3478285
4367584
4417207
5464752
5164195
5279678
3974107
2828650
1503013
4467959
2468688
2822525
2968536
3617853
2976868
4015938
227814
4078060
4090224
5045976
5241962
2744907
4700968
3512858
3368221
3838839
3898721
4888051
3379306
4133284
4444934
2702687
4894174
4019967
3030760
3148107
4732461
2739313
4678323
2808732
3347698
4679383
4391852
4739843
4172292
2978278
2911771
1576844
4262678
4550380
5169821
4339729
3513054
2880064
3104687
3198469
4298850
3956065
3351979
3512669
3624402
5819320
1122108
3974177
4329143
4026199
4022456
4180790
3496839
2693189
5085925
4181424
3675651
5763997
4602532
4456530
5348724
4263878
5007946
5846631
3038564
3813162
2803932
4389349
1060148
4227119
3292006
3207875
3104846
5288318
3648455
5627649
5778135
2745403
5992353
4858767
5263784
3392143
4051174
2808503
3737908
3428455
4811604
2421167
4557009
759445
4242661
756659
3549633
3244571
2804552
2753681
1018576
2804471
2835085
2905580
4027760
3225581
3816292
4310095
5150966
5200574
5616115
4191646
4514150
3769093
5348150
4888980
6062462
2872320
4088478
5315417
4673342
3643971
2685918
2889886
4134257
1295528
5234496
3919996
3499597
1585554
5281710
3905945
5434783
4735693
3390304
3286887
5283342
4271827
84465
2999151
1145662
2723535
4090645
3504046
5462082
3371993
2822780
4733526
3549266
2953251
5419851
4783881
3843702
4260664
5666732
3712246
106193
4137817
2839118
2905539
759447
2929214
5203667
3772991
5592618
5096029
4847254
3420075
3948078
5877923
3169336
4409403
5263075
5061835
5643558
5284779
4395695
5846709
3805843
3114580
5451913
4822123
4559214
5939786
5661994
3023017
2687016
5871958
2984739
6049986
4736255
4392167
5607653
3271479
3251446
4935496
4550170
4517234
4691834
3833206
1918259
2966793
4315268
2846462
1190642
4333657
3989454
3212695
4577966
5423898
3242430
5525966
4733463
2940742
5511972
4668770
4542109
4012728
3192274
2694586
2988682
435583
5701583
5604580
3454446
1948556
5317302
4600408
3983466
3329512
3365988
5333602
3387393
4596318
3621700
4975001
5712823
2953463
4634113
5545771
2900408
4468847
4089660
3835899
222116
2869072
5277217
3068003
1195023
2724069
2822746
4030248
3277433
5782284
3744327
4547966
3525166
4490122
4012805
5571723
4725194
3431499
3170788
5479029
3479747
4039390
2743750
5795012
5445801
3486473
4756507
3602148
2693588
5988572
5249543
4971875
4633614
2721235
3035275
3963561
4384219
4620464
3902876
439281
4270811
4456001
3948763
5202075
4723042
5408550
4061898
4027600
3312249
5417015
3619023
5620331
3358488
5167820
1703219
5550164
3041447
5202484
3113925
4377330
5133287
3974104
5599445
5915680
4579706
5084556
4745658
4399499
5571937
3650169
3632314
3391914
4966303
4843629
3101797
4378260
2808592
2905573
3570919
3148625
3991240
1545401
439166
5230327
4897098
5205288
5972563
2893942
3334395
5867897
4017872
5873246
2780053
4928500
4110668
85900
3849863
2905462
3468768
3334287
4110642
4561090
6024345
5531776
3358489
4188293
2686767
5968105
3023288
1206321
435590
5949212
3168894
4901357
4059006
3946681
1297398
2749330
5972837
2839716
3763364
2688663
5592592
3441623
4189823
3026910
4229390
3703195
2707897
5802056
5934676
442062
5471496
5526908
4660020
4893690
4643031
4409961
3063470
3990146
4862123
2443506
5085567
3287002
3429941
3053848
5818682
3622232
4897741
3611873
4540954
3417396
5600097
4622428
2888005
4428672
3268202
3877397
2804537
4242148
3972659
4598616
4911387
3842681
436173
5160680
1046937
4808793
5760541
3663865
2941357
5067307
5785514
4521301
3644457
4110153
227465
5855500
4025842
3827673
3727075
4203069
5926028
5333888
3462748
84898
5477565
5122903
5035031
4573027
2963762
2749851
4635762
5984621
5451293
3226561
5365823
3336335
4061202
4727902
4429835
3169219
5204707
5914707
2885810
3385878
4343637
3464710
2768025
5074824
3878190
4177767
5186723
3387353
4824764
5414923
4854567
225740
1271580
4104849
3339363
5254389
5532306
4217801
2460798
3726135
2971005
5385543
2867777
4068859
2394129
3414747
3713564
2783371
5835488
5184096
2841729
2766897
4696865
437705
5954151
4261408
870515
5714303
60607
3821259
3314836
5253678
4680136
4327022
4550168
4091407
2713132
6014912
4118189
2767780
5144262
3959009
4982721
4587669
4120018
2009656
4308695
4174459
5069873
4170771
3104807
2729353
5884490
2930004
5490961
3937628
2695907
3329488
3785139
3646142
2830837
6021146
2870929
3983568
3128651
5479773
2854253
4455031
61633
3446279
4865627
2778999
4494783
61187
3990116
2880501
3610047
5397241
5421787
3618632
5181236
1577268
3470314
3682518
3876321
1099828
5464603
5240147
3360747
3161824
5839134
1494489
2790925
2753459
3206683
5007053
4329510
4472330
5201506
5959499
4953555
5028155
4221581
5290959
4083323
4083296
1653277
5450379
5120063
2717031
5135875
5660542
2723683
227831
3434563
3682600
3277415
5831671
2441130
5273454
5141778
4122536
441913
5069099
3058012
2750828
2894113
2929310
3859219
3834513
3174939
3606845
859197
3813033
3729122
5017469
2393850
3925734
1576294
4377498
5097715
5850402
3019305
44366
3682845
3127823
3454352
5813618
3374721
3713864
3769205
3614593
5203249
3032469
5884995
2853341
3739961
2925402
3222907
4067837
4141622
4003582
4266501
3677899
4026026
4572185
3184903
5122934
304747
3999969
3516923
2965874
3977638
843945
5767141
6039862
3816418
2776344
5968467
4544183
3919293
4314901
5214221
5259941
5313119
2851861
5961798
436470
4240672
2734060
3243590
3594417
4519730
5620232
4135228
4120406
5708925
5550538
5646567
2960666
3560127
4745694
2703311
3863621
3090859
2898100
4394767
4876791
4631463
3706786
114050
2756332
3711154
3347682
3184096
4769107
4622171
5396895
1575717
4280463
759893
6035089
5532705
4922098
3478483
2856423
3118308
4486009
3727134
4936995
4031779
2975579
1741742
5886031
4554126
5417051
3051515
4061623
2727373
2695417
3536148
4505523
5045398
5783342
5560425
3821839
4605480
3486378
3334396
3704015
4096749
4464730
4410266
5410214
4816097
3775518
2925236
4490523
5388092
75001
104220
3683919
4179048
4639555
4717000
4395392
5244517
5073362
3199907
3538664
5069860
4266230
1649004
2941679
3155190
3521649
2777955
2790941
2713852
4336270
1649279
2757559
5876699
4254514
5161120
2919886
4135027
4548293
5322968
4332633
1017971
4739896
3042537
3953392
4436605
3362890
4148553
4119636
844114
3478240
2764030
5886613
4404199
4562570
5495843
3680559
2738599
3748389
4758165
4077931
3421248
3160612
1575343
3202362
3982706
227579
3578778
3700059
73786
4989292
3113860
2770797
2767786
5635210
3416882
3922203
5660063
5717816
2904088
4496606
5413744
3381420
4618421
3799622
3824837
4172516
2816945
3286556
2763816
759838
5896767
4543392
5780051
2696307
4703028
5590185
3846095
92067
2808235
4982459
5822438
5085405
4713049
5741413
1575220
2808480
4526881
6011564
2822996
2684165
3494202
3410230
3277478
2703421
5393564
1019318
4284586
441131
2937521
2724784
119570
4898500
3130907
4316992
5458528
3286956
3527421
2103243
4636308
4039691
2925624
3222589
2728315
227673
5486521
2533037
3233337
3971433
3174593
4630895
2878132
5110263
5346726
5015167
5494006
5892208
3226955
3798216
4892899
5692350
3280350
5972561
3772127
3495794
105906
4395697
5422325
5832457
4689519
5585040
5743284
5604140
432415
5330648
4860268
2693597
5916643
5058371
5312416
2709157
4595581
3963345
5921722
4796815
5386786
4063709
3150998
5678887
4734616
1575515
4809212
3866358
4296071
3925656
4405724
2700106
4899817
4106148
5085173
4206827
5494530
441129
3226183
2805765
2923887
4278820
4001698
5478249
5234235
2843737
5333238
5206703
4500646
4327592
4191952
5063375
5189510
1657891
4090496
6017302
1499190
4054670
2804449
4347661
5688037
3202612
4902113
2822180
4728726
1659848
5529500
2781651
5519603
4120961
5862053
5928522
3766193
5677770
5509840
5347264
3072656
4532861
4552391
3880706
3888977
4857643
3621092
2746894
3046016
4825469
4614437
3976233
2701642
5317053
5023282
3930201
4671478
5264445
3583415
3221810
3525016
5617974
4812639
3780802
432414
4562106
4205602
3293922
1576609
3916236
4149919
4380981
5088660
5599434
303403
4676544
4029220
3149921
4336254
4387333
2900768
3489363
2746772
103991
4178975
3622398
3086018
4268535
438227
5603843
3148084
3955282
5139877
4297249
2749006
4426162
2845510
5845086
4892052
2868346
3254577
3183338
4441527
5616157
5326864
4183259
5582601
4330422
3812455
5234720
4729807
1538710
2952562
1211066
3293652
4061186
4320435
2706093
4501290
5252022
4755856
4388615
4380682
4665788
5580766
3772440
3567306
4410087
3225830
5890928
3421931
5595728
2698737
5548847
4975727
2710564
4631164
4559086
4218989
4960376
2775663
5275099
3269335
4436051
5416334
4682983
3168080
5012660
3138233
4216967
3002630
2746352
4983461
1089927
5795484
3973696
4678301
2967992
6048560
5079423
5995517
4213110
5690151
3767611
1096058
4955883
4026153
3234091
284207
4273760
79811
3788285
5273337
4325486
5469317
5722941
5970861
5937232
5965062
3203003
2706745
3372190
2712415
6028470
4557718
4328716
4303143
2723094
4637371
4211738
5636808
3362258
5265766
4383802
1575317
924049
5634946
3200817
4170472
3801781
4982331
4220618
4898496
4815898
440088
4988241
6026810
2523652
2717027
4195049
2762396
4038111
2933958
4483822
5755745
5626680
3356096
1575810
4282959
3912699
3956988
4517936
2689077
4434160
2792117
2707710
5834800
923437
2713259
3681659
5610106
4445181
3138232
3688351
4859290
3395425
2860147
5733656
3701215
2963761
6027536
4939885
3903519
3277408
4580164
3895574
5707990
3411650
4250625
2725975
926922
4215263
4616847
4021254
4395837
2771105
3351363
3561711
2689056
4682888
2955027
2715114
4465010
1740203
438769
2997070
4288003
5729375
5061075
4598248
5481185
2832630
3483120
3374131
3138086
5607425
4414915
3229917
3333393
2694298
2204485
4547613
5253827
3850553
3458941
3698349
3287064
4498274
5871956
5424116
4143551
437375
4298642
3920459
4048834
5089547
6031797
5580806
4465129
3931012
3946603
3602310
5423058
5186240
4608783
3347791
2369914
2708784
91042
5160814
105071
3413722
5999849
4146625
2779298
3731561
4516616
2715755
5588928
5307914
5494264
5476794
5097687
4201415
4560546
4785664
5607414
3236174
4632837
5542992
4339279
5763442
4055155
3659759
2937509
5882284
5613008
5752397
3072099
3229729
4210880
4375858
4193698
5684666
305746
2468430
4138256
5083378
4896086
3763733
4614721
4503497
5752939
5981739
4548453
4363530
4169686
2805564
2746033
4381215
4785722
5447772
5483130
4417205
4640123
3229666
5752405
3479077
4505761
3198998
3127840
4307553
5344815
3329496
4289733
1575706
4626603
5642127
3073387
4267220
4308999
5615844
3687951
5616444
2936179
3472739
3340922
2707433
2804312
5372387
3106850
5997533
5327889
4184507
2755931
3277533
5746042
4211067
3531983
4156183
4028196
4739073
3655702
4882023
3239821
2978805
2729149
1609772
923517
5564724
4471040
3219362
2806855
5871097
3056656
3066955
4430279
4650160
3093402
2844834
4093587
5882249
3678319
3831410
1750907
5084486
5147741
5290836
745573
3044300
4417043
3072328
4173721
5653622
3864715
3114566
2925281
5947654
5256749
4626667
3137698
3183250
2833123
3137708
3221458
3353793
5729890
3546724
1904556
4919071
464442
4280133
5261327
4727347
4377829
5618162
4747085
3222785
5786810
4731427
1536499
5536227
4284642
3045974
844540
2704173
5358081
1693026
5267934
5326826
2822143
5229638
3860274
5000275
4028952
433153
5813894
434507
86422
3414014
3183263
5369877
2943410
4778574
4575675
3001516
3106090
3768969
4331870
4074120
5423276
1670834
2860587
3663628
4094609
4968639
3292037
3401861
3447705
3868320
3221636
5108825
4875448
5468963
3705920
3955518
2703832
5817550
3242575
2686393
5257791
4630919
3969743
3222797
983521
4290544
4272407
4074688
5498835
4987924
4980867
3885546
5859768
4077069
2746573
5145439
1245006
5205394
3142565
4415674
3231859
5368596
4201553
6052364
4494043
4209614
4213057
5541726
5736001
3138408
4506328
3254305
5509719
2745225
3372428
4120531
2697273
5794708
5438258
103905
4623302
2828670
3629502
4839787
1017863
4073355
3806173
3214528
3156907
5027243
5969732
4509577
4430834
5196921
3706669
4301326
4389175
4596795
4164584
5515276
2966716
5380530
2790861
3336626
5416309
3959302
3391404
4003333
5382150
3929897
4417562
5732496
5617761
3122381
4870442
2833125
3137897
3741082
5090523
3571951
4414388
4777657
4447883
2976679
744016
5642093
3918614
3445789
2709882
3121544
3416795
433085
5528040
5155080
2876757
3325423
5286083
3247907
3922684
2695188
3975253
4766345
4006828
305126
3921024
4502617
2079306
5074866
4415654
2832832
2969510
3688437
4641917
3923491
1952832
5347409
4727059
3334415
3973965
2693740
4618017
2730783
5385164
4200012
4990690
5094863
2823036
5470802
3387403
4718562
5351903
1483150
4447213
3226454
2886708
3046301
2715445
4921384
2754973
4922944
3138209
3372172
3982826
5573001
4227318
2980191
4742398
5734705
5744918
4787237
3435590
3238256
4106156
4447854
4199845
3964186
3669264
4475479
5403440
4033917
4378791
3072296
4210859
3223873
4370356
5876882
4615788
2830546
1575372
113820
3768817
3738279
3183220
3394643
4639734
5158561
5468417
5197018
4443032
5343819
3148620
5316235
2173429
2462044
4141711
2833078
4441106
5737166
3955464
4731892
2747314
267687
615087
5847515
3105969
4618379
3865590
2889866
3206623
1476812
5630378
4791765
4015320
3570640
3844389
2540684
5396490
1578175
2740552
5407148
2832620
3073310
3354740
3735651
3689985
5323045
5486439
4266493
5612992
4816864
4209759
3522787
5727231
3226558
656539
4327485
1495447
2760696
4308272
4514937
4531411
4554017
5071028
3222834
2718997
1718476
4191468
2815866
3967381
4019724
3022059
4724399
4923591
3624777
637901
4309057
4344577
5511612
4156357
3669978
5729176
3551385
4177205
3183278
3132806
1474344
3072258
5696736
4591379
2835405
3333687
216893
5953555
2936184
4732915
4208573
486570
1576176
5584861
3845343
3787502
4433941
5093887
2744334
3179752
4626638
3334550
4858540
88253
3568866
3593303
3221475
4417266
4950736
3644006
4087360
4464212
3799551
1576025
6049980
331153
3891245
759446
4582593
3486048
5654697
4024296
4217254
5617402
419969
4240421
4249936
3230224
4213411
3139095
4229528
4214697
4208250
4689164
3315685
4386259
3379508
13207
3888971
5479703
4763572
3675063
4678595
3222866
2690290
3367422
3914738
2994567
3045630
3173236
3221724
3333684
3887459
3307116
3562380
2718095
4518059
4399525
3174459
981286
4263640
3590066
3132788
5464497
3134171
2976712
1597440
5352937
3913432
2451684
1575812
5757787
3183337
844558
2706716
1659857
5331246
5555994
3609752
4272817
3022089
4675015
5919980
4260231
794971
437594
4104406
4387650
3809054
5265735
3315479
3128664
2709616
2434136
5142217
2749439
4725728
3139072
2697117
5734079
4491076
4854597
4826563
4474658
5829336
5074477
5564096
1213240
2990293
2761598
5092981
4728240
3906357
5335848
4184015
2991571
5346300
4207169
3215250
3652520
2799971
2666119
4505063
5509106
1647633
2993050
3607059
4728265
4367748
3331605
1020610
4296975
4453249
4938474
3333400
3377537
5232642
5214882
5012075
5682090
1554624
2696078
3286871
4147909
4120982
3614130
4563252
4119581
5602311
3237172
3162122
3903544
4508217
4954479
4783312
4564075
3332650
4435418
2685047
2710713
3464725
3150547
4453149
3736769
3291944
4027672
3292110
2845278
4901138
3893325
5199757
4419580
3287785
2722274
2754807
5388781
4327715
4022014
1754861
3694753
4807765
4734290
5089393
4817177
3308800
4869026
6051805
5547631
4567781
2969429
3075589
4211233
5003096
5522281
4867673
3547041
4002706
3308843
5734092
2683361
5941428
4066324
3700438
6004384
4034278
1036514
4525089
5616478
2936183
4203134
3221491
4800353
3422504
5212416
1576997
2299498
2768579
4920773
2904883
4860548
3779077
4856781
3650838
3001922
5191679
4967197
3229793
2494057
3882303
2729242
2720166
2976879
4367581
4816147
4817351
5003889
3028712
3507332
3480365
4035499
5026475
3398086
1576867
2294167
5322886
3085445
4908127
2463601
5092595
835432
2807487
1640510
3137982
4858139
3324891
2926673
6033932
843402
2715155
1131762
3512379
926358
4445539
4588339
1651922
2063331
2860114
2901590
5003594
3506759
4209762
4837960
3843697
4117528
4034203
4060864
3952641
4450099
3693983
3200182
5805839
2929908
3481008
3644352
1425395
436902
1577541
4307510
4504105
5414084
3820762
3143440
4445675
4432679
6035663
2719153
2777192
302109
4640245
4236435
4097672
3965695
4608523
5852730
1904648
4377504
3977005
227260
4329102
5204899
4568354
3028513
3826446
5729007
3044415
4001649
3862934
3192426
775895
2707025
5587679
4024330
5575165
4453026
105168
3392555
4376093
3363964
4181661
119569
3447803
1553687
2904783
2736555
3866777
4415560
4098661
3706129
4360483
4069381
4132981
4294256
4999255
3786526
3917568
1577839
119610
4388966
5668066
2703857
4280650
5949618
4107608
5505737
3114903
4592751
5308837
3617705
4494335
3486761
4264190
3634322
4310187
2994505
5502464
5564930
332377
3956647
2976862
5874855
2712227
993549
5158289
1420435
3682075
226965
2755729
4123283
2750371
4545763
5330816
5181475
3476188
3425707
3104120
4948994
61757
2804564
4087660
5711401
3904465
4079808
4001455
2966765
212957
5265380
3519655
3367230
3058525
5866300
5615950
3981012
4933389
106384
2913101
3152531
4445059
4927195
2727612
4052800
4807449
840757
4193240
3162328
2936243
3416900
59809
5497069
2381682
351530
5809087
4036420
2823010
3132771
3134513
4488588
5700160
4208445
4008985
3292637
4649639
4074329
2772713
4870248
3292396
3661950
6033905
4139788
5821407
3714136
4912866
3807705
4683333
4595274
3821846
4165137
7850
4288499
5043847
5782678
1577544
1333872
5544339
4031765
5698667
4616168
4286282
4027030
2755842
3776483
84380
4603553
5307136
3947599
3385058
5293144
5415565
5566126
2820678
5876842
4679021
3643882
3138417
3267960
4748241
5469499
3453009
3760420
3063621
3449235
4753917
4241816
3577015
3133100
3329598
3425384
5117610
3802784
2814753
4141464
5123947
3164312
4289761
3195666
3846247
92084
1431715
3876516
4010116
4713535
2904085
2722195
3388580
3369867
3287114
2727623
5805659
3044413
2841676
1576946
1068199
3309001
4557731
3815914
2715329
2749615
3938185
5816619
1576689
3202271
3706064
3892668
4023349
4018861
5400675
5630591
5319881
4559150
3333800
5774456
4958358
3824569
4176280
5067468
1984310
5119078
3592218
5487165
3918149
4580357
5998891
2963772
4158064
5026454
2439024
4387270
260997
5106566
6034217
4190929
4631379
3297480
5491416
4393436
3285410
4906987
5337267
5349876
4563581
4240173
5364270
2804376
4171393
437833
2738750
5737683
2730491
3506644
2734349
5970310
3348709
5516565
1671560
3120780
3615182
3917957
3003113
5718835
4931563
2804817
3693589
3231681
3150259
2925264
3329333
4951032
5531837
3920856
3932905
5564206
4355391
2820790
4330981
2937434
3395041
5248569
3743326
4485712
4142276
2782394
442255
3881680
3794712
4562437
2702638
4822665
5162857
1754741
3251586
2991969
3926410
5767248
5095324
3628388
4253051
3342903
4560673
4079940
3969652
5729277
5182905
4305746
5610643
273698
3862008
4698604
4501948
4737662
843126
4538598
4568191
890785
2863420
2863469
4640655
1575307
2798958
113754
91413
3747902
1737161
5250573
3752328
2782212
5592555
5292381
3918954
3289001
5602294
3630606
5619689
5070697
2942120
3358675
4437423
84858
3429178
4350344
4932436
5816457
6037789
5441096
3941936
5315788
5315947
4094106
3956869
92273
3123237
5258666
4096009
106462
3365944
3547479
2784369
3867704
5315056
4939254
3976811
3704422
841708
5094938
5600907
4090228
1355853
5024995
5720666
2695405
84857
3514818
3429168
3463507
3381353
924163
5680909
4305851
3209177
3635501
2857402
1636554
3920983
3001635
5909846
4205234
433844
4594731
5401653
5909815
5606315
3987126
5294103
2396676
1220608
3654916
5006712
4069572
840662
3223258
3448457
496162
2750098
5251362
3426665
5942984
5754707
806550
4005019
4743232
3368235
4665998
103981
3277249
5325212
4050036
4849817
3295120
2766443
5310654
1749613
4059581
5762176
5272520
842603
4378726
5466443
4094098
4134822
4615127
3378392
2822997
3160044
3488822
1635002
4073923
3671242
5876333
5377087
5726984
5092207
3269406
2969223
5857851
3150142
843983
3532912
2971932
2911868
5043564
5583455
5706950
5460571
4259330
5580216
1663043
3965517
4677973
1601748
3370609
843360
4904087
5861442
4268676
3578148
4038659
5925602
4174525
3058178
3533712
4091949
4434004
2808699
3834859
2819254
3699613
2836132
5325967
3076578
2955666
3396347
3568464
4990500
4074398
3306168
4863174
3583925
4306513
5328901
3116578
4388549
5263885
3589482
4778747
3611333
3132238
3415682
841856
4936279
784337
3627140
4662330
3162280
4036145
3399905
60213
1819524
1756952
5958174
6011020
2965200
3214324
429525
1642693
5111697
3542034
4414336
3923153
1637439
5456895
842550
5474978
5492123
3701814
6061637
2934318
2923663
4251784
5835247
5579656
826952
5122893
2911787
5787271
2719507
741524
2702238
3004318
4596783
6053487
3742969
4166833
3983441
5916242
1537912
3762689
4470319
2079354
4902995
2733009
5468597
3900575
789246
744674
2615543
5417838
5278768
4678470
5832451
2035926
90372
3329553
4061449
4813641
4184168
3561654
4429036
2990957
5215449
5372701
5201528
261959
4188660
4010643
3177431
5638192
3983334
4376210
2747756
3933587
2905671
5719608
3191285
1037716
3347821
4379061
3811760
1576201
3524634
4759250
3133020
3759301
5386538
5871805
3594000
5027173
1586501
2704404
4669668
2889523
3431409
5192084
6046651
4633637
1771269
105049
3413464
6056093
4173428
3923514
5361819
3751893
3755523
3206676
5718769
5299009
3967207
5094127
3370540
4040673
3198353
1578595
4158217
5652316
5911665
4963519
3501935
5132262
2709517
5835398
2796141
4186304
3540813
4464287
4516269
4006943
2703790
5146441
4434691
5239579
4590105
4546363
5396396
3865928
3483017
3878551
5438419
5012335
4496431
5790901
4083096
5042325
5866636
3998312
3675559
2690380
4429203
3861669
5347328
3479012
4058577
3779212
5094058
4702816
3339411
1577390
4434679
1657820
4245277
3361208
2769972
4175496
3625958
5692791
843572
3977695
3378526
5870224
5659716
3559422
5467679
3723710
3615290
2956772
1637220
794633
4021648
4134263
844543
1918677
2123989
3168497
5097120
5639578
2779160
5647216
3526983
3861635
4283832
4387568
4923975
3426066
1956054
4059598
3134266
4657809
4381391
5152355
5476825
5877795
5077896
2894153
3913382
3047103
4048011
2894193
1578521
3041821
3520461
3896147
3931890
3049931
5213493
5036852
3703713
3754470
4517077
431316
3285802
5685740
5315553
5013102
3144675
3983222
4097343
2985216
4501464
4884001
5080229
4205743
3953436
5014607
6000692
3700129
5412267
2997492
4920973
4098371
5207905
3833733
3427527
5025601
3053751
5565213
2904122
4870417
912289
2930008
2892036
3462785
2715650
5968209
5951852
3234813
3693095
5860467
6039398
4315625
3812527
4751050
5875615
3668121
5085378
3761080
3266792
4946342
4753947
2979668
4474610
4503554
3286862
5588894
5245259
84333
5183664
3554648
5728987
3702279
3745831
3888315
3100337
5412997
5116477
4439525
4764270
4826495
3952271
5588535
5589140
5275222
4930582
4603794
4991911
437926
4430951
5983006
2941469
3881596
441089
1578519
5677658
3581558
4468555
3576350
4265473
1004561
4472274
4212350
3060281
3674559
5630907
454697
3767366
3350691
4319711
2470920
2969434
5181452
5778614
3437859
3187032
4729014
5806164
4638337
1575710
3646829
3403493
2756532
2863317
3125509
4551338
4506825
3305606
1538195
841370
3650641
6053434
4241871
4830937
3245052
4829339
3613125
4683091
5106881
4278951
3634652
2783524
4619521
5726572
2763459
843809
3394196
3849957
4503045
3785538
3530392
5852526
3824227
4574621
4329014
434505
4902059
3877653
3002821
3794205
4032983
3872201
1576150
2828627
4651334
3962001
4678431
4059485
5336433
5571046
4432828
3391743
5567412
100211
4447335
3814992
5491800
5245071
5762007
5455255
4581435
5709623
3097333
4600494
5261730
1934600
3924704
4294862
2702908
4823621
4377570
4315496
1053736
6015411
6033011
4305296
4499153
5627531
3736990
5486570
4364572
4582268
4390120
4557485
2419733
5936434
4388989
4901509
1599480
430627
2991559
2893669
4208744
3973754
3201398
4431569
4800415
3211272
3772516
5953882
5209613
2937557
3134280
5413508
3171066
4768534
1271725
4340819
4839499
2759480
5360965
3251120
109720
5899670
5500477
5690511
843911
3465246
436923
3194210
5412249
3360750
4053730
4449992
759908
4318226
5473591
5276268
3542016
4423000
3515280
5126398
5707838
3966356
4343864
2149825
3097264
4134068
3886697
3464491
3396118
2293736
1737195
3271496
5691362
5414827
30986
5473304
4205853
3469004
3987729
3624074
4402969
3815033
6043823
3990880
3814875
2964385
352045
3690124
84443
4349892
5065198
4701060
2806697
4356640
6048008
5377550
4876036
3614812
5935127
3752013
3621369
5589145
5266838
5992276
4463875
1575678
4067468
4672764
2884412
5283377
4850166
3334276
2854147
4711095
4948538
3623602
3398940
3927983
5042392
300033
2780349
3999137
5346334
2935673
5696783
3813988
5832716
4396917
2742106
5727827
4670027
3009346
4013378
221996
3592625
3562071
5461985
1041472
4135941
3341478
3917410
4049691
4100863
6055902
4149092
2869074
3265365
4581892
844053
3491199
4899436
3174458
6057094
4187300
4734952
2799893
4928498
3478209
4924318
2957495
5785690
4174395
3534563
4267324
5211588
5918098
3347326
3062508
2888841
4545780
2941384
2941503
5071388
730310
4693665
2760508
3444408
3308892
5476075
4253628
5441842
4141441
3747925
5485696
4535684
4080965
1647711
5315807
3863588
5053788
4743490
3471694
4763665
4261107
4386596
439044
5762067
4008519
3632180
2966609
4318618
4742108
5161510
5217566
2686044
3946349
4285569
4023437
4272332
4221828
5405783
842983
4585876
2763137
3260911
2909032
1537222
3042411
3821787
876389
3450608
3786171
3260864
4979563
3230628
3535782
105828
3823624
3248127
5574597
3212644
5805812
3771319
5638064
5126579
4038073
5920727
439140
4828462
5674034
2947512
3818428
2737091
5771557
3170929
5482554
4179607
5236744
5078449
4577246
5993356
3463547
4984903
4907078
3212662
4873179
5388240
4716128
5214064
4128660
3729758
5784769
3089557
3465290
2925632
4983257
6055273
4549047
4454063
4563101
5226779
2764731
3029250
1883857
2928432
5540254
3288126
4996587
3443626
4301851
4535304
4334241
1871424
3964025
4710351
3229467
4348639
5968844
4206666
2929921
440031
3677664
5654534
5190390
331274
3927925
4169921
3738683
5211508
5154352
3683333
4409089
3613279
4336684
3960049
5114496
4793602
5287390
5350254
4756695
4336785
4685410
5453714
4094029
3040868
5210549
3174572
3297206
1704281
4323385
4459171
5415218
4785312
5849701
2923381
3144990
2746708
5776169
3551986
5083759
3958750
3432448
2968540
844498
4462876
5785593
4531729
4936391
5258560
5623859
3865969
4736578
4180463
3069016
5997425
3955881
3610990
106665
5019209
5419405
4984968
3801822
3437932
4559650
6039087
3583993
5494615
2828858
6009095
3357567
5722471
3749964
3361854
4903068
4656342
5415883
4242011
439293
5973747
4260873
4257681
4062105
4341375
3913587
3977129
2823986
4898458
4086949
5661366
4497556
3098104
5809274
3856211
3165533
5109688
5864732
4592714
4496307
2905388
5224563
4166277
5683999
5028029
4430777
3104838
5632823
4285846
5726886
4328062
3718901
4819786
4760603
4854632
4733879
3876323
5314978
5989718
3524808
3676752
4354869
3102236
4013201
3232750
3044439
4221901
84515
3690392
4460773
5477224
5688891
4523141
4306620
4641194
5552511
3297015
2816635
1072824
4141938
4684462
4554181
1480473
4724949
3366866
94194
4263617
3250295
2832443
3632008
3592705
3905434
6035580
5771595
5986604
4735253
2930007
2733778
2822995
4952591
2860101
3502654
2797411
3959526
4882590
3253445
6056682
4832718
2977618
4208514
3292763
4867037
4152400
5384778
2906028
6017274
518357
3711732
2758879
4397785
3515712
1536355
4676995
3171076
5753933
5594836
4432981
92107
5112623
2825051
1659851
5984541
3311385
2905571
2714471
3046870
3987913
3973201
4823587
3864969
5507740
3935862
3222890
5274025
2808218
2949548
5919843
3344151
3037435
3839076
4996609
5246804
4496329
3130124
4830143
1881887
5767058
6033894
5996727
2832452
5048409
3016373
5630361
5291492
84284
3930184
5832832
5069508
4315817
2691566
434043
4615280
3612282
4636887
3865086
3446850
3612678
5888070
4397930
3203794
3387320
4513421
6032830
2841789
3420346
2837638
4868294
4022859
4657826
4939081
5899464
2965273
3670845
4881645
5453133
4473677
937988
1575407
4325543
3997206
4444156
5624526
5468085
5111559
4723235
3751515
4482313
5590645
2764911
5271696
5992846
5448772
3776389
84368
1540623
4839024
4021192
436021
79507
5500738
3959813
3767222
558810
3151962
1639481
5887893
3481433
4592615
4935507
5942756
844537
3090704
3626371
1636158
4072039
4632291
4984126
5076684
3876690
2875253
4845984
4302743
4027916
5104808
5158258
3403727
4031691
2848855
5578732
5641158
5261071
2056570
5731538
3356446
2978963
2926683
5496742
3604032
2822342
5511711
5480321
3485216
86028
2976225
3765395
3632481
2437426
3214131
3463628
4894769
5181405
5070694
4358838
6049316
5423322
4096714
5127656
844163
1516097
5386858
2369986
3636540
5771031
5268478
4750604
2790596
5936409
4047825
3417251
4622053
5963439
4775242
4934730
429196
2145717
1225667
5878821
5560202
2937433
5402100
5920555
5604297
4726300
4718948
2066633
6009670
3121234
2464592
2745724
4603344
5141427
3118873
2692837
5259984
5923657
3925557
4849509
5106895
3076636
2894899
5626526
4919641
5444434
2882306
3517937
4724006
4376888
4611159
5199177
3206656
5859929
2976546
2775597
5608641
4024525
5700997
877005
5875978
4559316
4842209
3432492
2804971
3867707
5720589
5277668
3892727
5445974
5323233
4032608
5699174
3434003
4776219
4499176
4049219
4107403
2747475
4879013
5846338
4988576
4003772
3827655
5023456
3958835
5770010
5769997
5181240
5755876
5834679
5397376
5886122
5364854
2930198
5866176
5338922
4256590
4758943
3417175
4429984
2733539
4128512
5421360
5599406
4513637
5232855
3602576
3356433
3438822
5491311
4904357
3169783
5135436
2804354
282885
1609098
4404710
5852004
3638284
4849098
5558328
2965189
4645921
1537936
4450042
4507822
5955082
3287021
4104388
3603997
4823067
4594100
5793605
5613247
6009259
5801949
438261
4903787
3291565
3550291
3673444
2781854
5802314
3706607
5199127
5182787
2785280
1047153
4504617
5890179
3867592
3377578
4962474
858764
3448910
3543440
3268481
4009848
4439551
1740336
5332783
1639287
3238171
1646070
5552731
2731786
5343877
4993029
5235578
3080218
3223237
4163340
3409421
2868194
103495
2726097
982639
2777937
3452451
3213772
4330713
5542080
3174466
4126115
5994009
3383183
5218151
3677644
5592582
3042119
3381619
5516261
5499385
3193504
4820716
5763137
3703048
3247975
4931396
5657753
224425
5868296
2804512
5542691
75007
1143299
4054025
5276718
5272356
3490877
3708134
2879960
2920801
2799464
4755457
2964582
2929414
4068625
843281
4890333
5724786
3227273
5304451
3747503
4015758
6036272
5212869
5632659
2743398
4090861
4908829
1578714
2818888
3999558
6037165
3294688
4561883
5086129
5134520
4967119
2835971
4534645
3181635
3160107
2697520
5042501
1564463
5275060
3516640
5256838
4923786
4546907
5181340
5566522
4295906
4189796
4166424
3947866
3660087
4410040
4526928
1689690
3605470
757129
3336835
3292766
3378966
4304967
4385202
3666302
6015252
4868423
3187427
3994863
3420980
6041921
3550309
5534430
3894902
6044970
2920967
1636651
4180249
5711309
5264851
3844861
5162904
1555822
3875516
5934910
4154327
3490462
3923618
4460197
4156528
239597
759451
2354621
2870448
3766130
4069457
5053888
437181
2704346
5428694
807480
5962136
4474198
4805073
2694583
1578918
1575877
5226168
4049767
60345
3421962
4171949
5697461
757208
4303629
5925274
4516256
5629288
3361638
2893566
2712380
5388252
5626830
4857455
3069832
4495759
5346571
2807510
5007237
3357810
4078758
5258739
5298884
3106532
2964412
5859882
3619859
1609161
5772836
5623477
2808238
4726824
3542850
2933989
1395542
4927134
4754793
4060250
4981183
4629517
4852989
4262230
5861053
4821056
3026393
4955335
3944200
2696693
4062968
3351197
2827432
4853286
4826959
3958407
44386
4567371
2856324
4640327
4394952
5557744
5992342
3878896
5686033
3621352
4647231
5888779
3996407
3864420
3441189
3790601
4419673
3168897
3924165
5341541
5211409
3580234
806240
5610416
3880927
3223871
3053105
5885910
4218695
5453764
1653751
5374601
3672166
5333181
4772468
3995663
3762191
5257706
3822271
3818030
2883493
2917862
227346
5514218
4439412
5778938
5694245
5877043
4558143
5489788
5162396
5502862
5894972
5980503
4617143
3361798
4081636
4187804
1577369
2905576
5793487
5861440
1182985
6016043
2835390
2465143
5071938
3903067
4280326
2981351
4863811
4468472
5247385
5140869
5272359
5113824
4088635
3832079
5267939
3168428
5279543
995763
4869111
5921707
5084567
4561992
5162667
3411613
3904294
5724721
5771651
4735036
4771114
5386933
3814930
5216744
4903170
5904444
4945412
5520061
3960298
3249155
4789727
4404201
3889871
3161465
528040
5378998
1244727
5475315
5790860
2929419
841434
5677667
4186109
3318339
4382197
5825049
5852487
3758334
5857755
331593
4515312
2805740
5882846
5610878
5451784
4141218
5588504
3480736
3472058
3485070
5743216
4166225
2701867
4024600
3961620
3174881
5235054
3247052
2867801
2840577
4014619
3916349
5569646
5900389
3329342
433622
4581239
3249152
4430575
3860887
3520337
2799970
4904536
4037533
3926370
4244176
2854848
5036403
3470952
4476279
3359086
5180143
3807672
3988393
3793888
3009218
4674911
1905451
3615076
5268756
4265808
3941796
2894007
4030487
244737
2929893
6043695
4635221
5500352
4730544
3215851
3885067
3192423
862349
4151479
3251703
3408601
2732251
5999927
4091026
5308230
5768797
3115496
4152535
4175898
4317038
3989987
4709604
5369315
2905397
6054343
5898137
1609253
5275192
2433295
2820950
3223364
2754909
4430754
3404009
4121970
5592573
4328577
4690359
3897186
3694482
5109882
4444967
5014592
3171879
6032281
4490058
6017186
3194381
2909505
1575993
5523323
5653421
5153495
4230608
4779124
4886117
4740919
756856
5317311
4491119
5237634
5148412
3608345
5017125
432862
3414375
4521508
2511244
3106453
980881
2978592
5168522
5086071
4080049
2808642
2993546
5867733
3584269
3905121
5382854
4806383
2695784
5795741
4635957
5382536
1705302
593382
4395317
3619688
4239210
3990043
4516685
4836429
3716182
2890917
5923881
5833124
434452
5745470
4001408
2914544
5350641
4822506
5413764
5172170
3144186
5822355
3328827
5346896
5083780
2707454
4637205
5987025
1659861
3437971
4621747
5977994
3348646
5327738
5088063
2720289
2841780
3359838
2829927
2722798
3531893
5323471
3268469
4397820
2792664
4766854
5165538
5382298
3141498
5051868
5501079
6050683
3364013
5476891
2979522
3239993
4544264
5813865
3008474
4696438
3989423
3654369
5621551
3353101
3603708
4397341
3653939
3663709
3920074
5738486
5125353
3147356
3104757
4047083
5466752
4110137
5351992
3824882
3612049
323406
3747499
227274
4007884
6026117
3757161
4380631
4447942
2712012
6060049
5036437
4601642
1882001
5518655
5215192
4982926
5658545
4370304
3596785
5995039
3454623
3450010
5740466
5229978
2808479
220733
3766574
5897792
5438953
4157295
5877114
6056693
4265377
5632634
3045987
2956143
4326000
5271747
4814062
2758461
3349884
4861630
3951461
4054087
5112756
3617314
4978010
5461316
3223059
4330544
1586132
2913087
1637877
2693572
5928258
3654886
6004287
2703721
4552594
4858109
3271503
4523307
5014649
5143492
3160164
4744252
4965457
3222020
4769419
3726125
4469783
2735408
4985080
5043649
3344152
132607
5123141
4451562
3209499
4293416
3927621
5416373
4871821
3999728
219361
3643911
5899580
4560979
2720148
3823061
5427292
5098889
5484685
5802057
3052592
1315964
3505486
870103
5299137
3520523
4978050
2756916
4977421
3274863
4548401
2927097
4356156
5751758
4436714
4788700
5121062
5496159
3636738
3831997
5466722
3436804
2790943
4617111
4150425
3453429
2823923
2765804
4651761
5877622
5587928
4303355
1206324
4377440
3415645
5059081
3879937
4068256
2482379
5888391
843732
4617090
1308537
4494827
3212643
1600517
5288504
4783120
5316422
3277390
4503137
5011556
1042725
2344809
4893548
4403594
5162400
5242089
4900875
2718738
4203053
5256912
4480707
1546559
3958827
4061424
5940795
434745
3443588
5219707
3417342
1601623
4843391
3226113
4395504
4239385
5108528
2881373
5240590
5244480
5758904
5479027
3676407
4490637
5058193
1183401
822358
5993477
3072825
4585508
4083572
5000152
4204996
2899506
5732300
4482346
5748885
3431506
5117245
4752266
4386720
5519499
6040118
5275813
4203604
3777350
3733971
3124361
5999907
3252753
4515190
862601
2991648
5482563
5541874
742523
4209021
5594653
5584987
3699598
4702320
3334387
3836871
3222651
45849
2792175
4736168
3926959
4920150
2817727
2896321
3551813
3891088
3429959
4332761
229592
4394862
3774830
3095217
4275380
4806014
4728211
3279344
6011158
2045530
5695815
3361057
4467395
5567015
4549041
3187055
3279261
4673463
3277992
5360331
5138082
5630882
4807621
4193199
2710478
4205453
4464672
3206657
5262749
4275328
3855986
3050197
4404293
4282181
6032651
5487929
4567348
3177580
4238094
3627753
4191170
4395543
5895652
4255483
4636426
5189282
3161703
2691185
3387345
4487491
3280084
4620728
2989312
4159731
4319218
3854579
5911265
3922714
5872556
5316030
3165532
2804659
4463838
4317623
4902785
3353449
5924374
5499167
3436811
3734801
4644660
4533359
3418503
5487974
3879333
3843303
3003102
5345473
4493141
5717755
4431596
2869052
4972062
5773844
5336401
229218
5342563
3239826
5018713
4852936
5420169
858557
5621880
3372355
4015118
5909774
3908698
5268059
3268198
5735627
3710164
4433126
4504711
4494496
5350763
61417
3816184
5467636
4702557
4655733
4622019
1156281
3032976
4110927
4803584
4977532
3118067
4720929
4917674
3223077
3432831
5360992
3158495
3374727
4133764
2937043
5251159
5536325
4693265
3686587
3371841
4548364
5421417
2959282
4684788
5036398
3656969
221894
5289324
1736636
4691313
2753824
3596918
3046856
3750817
5775515
5744008
3223093
3164616
3380382
4758100
5551754
5811890
5279132
2697802
4210001
2911059
2824629
4556702
5108047
3648322
3358725
3385516
3151078
3230511
4915115
4235294
5169666
5172011
258755
2978319
3357076
3821182
431236
3556297
3659439
3763441
3389670
2712848
4529668
61443
5494095
3749547
929100
5643794
4844957
5469445
3417677
2767943
5288689
4868419
5218597
5113643
5251083
5538391
5478084
875997
5204353
4447276
4947147
5881998
1834431
4618921
3238160
3608428
3513172
5557990
3285335
4891129
4799842
4530065
2786528
5412114
4354476
3260063
3500348
1011821
3604009
2709125
2926690
5392895
5941171
4200251
4503112
5690707
4389603
3974463
4815447
2801735
5723528
2894963
4404214
5620224
3667476
29278
5218434
4389588
4559000
5468747
4808594
4444958
5704390
4679438
5149948
5756524
3922923
3382528
2875326
3733782
4853330
4938754
3623025
2736873
4736340
1445668
3268055
4693327
1578864
4987134
4745546
4184197
5070014
4636009
3214535
5829453
4651302
2804505
3043601
2846886
4406606
5600139
2686600
4551702
5776424
5048085
5401079
4409955
3249168
5627813
4865384
3628155
5531709
3104744
3407062
2929392
4510267
3244535
5696500
4604089
3965079
294251
3217494
2808450
5831112
4039724
5969825
4561879
2921120
5876374
4377733
4047510
4738472
4105091
4451405
3991989
4557384
4286608
4386498
4223992
2795281
4218712
61112
3944256
4021623
4049850
5325588
5244314
2834035
3051790
4890216
2978196
4638030
1920611
4416961
5278573
5951145
3508536
4185825
4405708
4811539
3490520
3877579
3887651
4701163
229249
2808661
5161325
4492635
4873657
3191621
4236218
2792657
5822679
6012823
4084623
3222631
4317844
4671144
5250881
3383408
5261932
4339093
4500726
3178763
2821978
3337199
4831787
3369755
4657925
4935830
4265363
4375279
5204437
229189
3450500
4443084
2296996
5349801
5748425
5877760
5959182
5237823
4243380
3953769
5045250
3933275
3191143
1748992
4902741
4542198
3329605
3171989
2748820
4385191
4385807
5883268
4641992
5995586
5956980
5145805
5215123
632622
5172875
2744210
4024278
4394966
3261485
4510136
4186818
3450415
3983348
3092826
4618651
5958032
5087730
2038448
3964885
3998881
4224146
4179176
2557021
5852886
5487235
3795246
3117530
3204658
2427402
4277013
4814067
3286966
5101474
4334187
2872435
3443585
2740925
4068406
4937177
4935893
3226167
5914960
2748927
2808815
4327693
5315886
5430433
3698816
3512637
4070896
2923034
5351454
6016085
4941272
5605357
3395433
5142513
5088049
4733413
4593960
4193965
5413756
5777269
5157143
3715201
3659348
2710047
4926371
4226828
3170934
2852552
6029946
5741323
2879349
3571155
2149167
3346791
3404791
5396660
5335811
4089564
5539501
5163273
5775511
3883085
2838908
3733175
3855684
4056270
4197306
2923738
5793641
5813914
571140
394002
4894892
291789
5200879
5685113
3402292
2771225
4713723
5092131
4884321
4173116
4860445
4889919
5971868
4077233
4926187
4917791
2685856
4156778
5263017
5289722
5104375
1751064
5246680
5090995
3079494
4893429
5663274
4899342
4758802
4262857
2450986
5665431
1029249
5855383
5521073
4447381
3892224
3797324
4374453
3269522
3747035
2893734
1223907
2700735
4204491
5487457
5769607
4077231
2988273
5805428
4450169
5724929
4586036
4404272
4698209
4545298
2822562
2822727
5691018
5001505
5821119
3594744
4028051
3805398
3826186
227720
3516807
2380689
1577673
3383659
5255237
1384618
5851809
4320256
4641946
3022864
2894140
3405626
4278812
5001046
5880313
2752200
4426612
3222919
5880627
5766878
4118139
4210180
3506877
4925647
3405136
2780654
3132403
3714442
5918923
4415769
2765838
4191016
5149170
3145566
5672421
4213141
4141582
3306354
3434355
5002991
2815369
2747707
2934359
5230693
5404430
5316947
4790786
4483966
5808084
4830925
4717151
4893641
4691206
2767386
4894730
2869095
5954036
2751829
4126165
2893727
4487978
5004215
2685497
3438110
3923550
5355196
3458900
5925575
5662273
5476006
3608301
1635627
5388221
5635049
3300004
2830832
4596082
4716364
5601164
3791059
2803068
6024493
2905536
4501095
5173588
3663614
227999
5641953
5195687
6031524
3297733
4305161
2782462
3902620
227420
1597948
3980366
3817787
5683050
3109894
2778383
3291752
3491906
3967002
3121026
2881174
3753132
805266
4833540
4795312
5887789
4388313
5720887
5437719
790077
4221625
4489395
5581886
4199795
4519375
5139072
4177603
2935720
5626499
4908071
3447375
4004196
6028117
4358197
4034789
3460820
5515833
3875374
5204148
5858934
4206118
5730022
5972419
5015431
5066875
4292872
4906444
5486261
4696815
2750097
5249052
5214033
1577402
3476399
5995332
4308377
2788499
2867728
227312
4036285
4180444
4112169
5181103
4032666
2789473
2720182
1698483
6059157
4715594
4862337
3347849
4983274
3789017
5853514
3383533
4320081
3590004
3436239
4162985
2898901
5476758
4892141
3748145
5901474
5894186
3713887
6000391
4025006
2744189
3448870
5628797
3435699
4742785
5914922
3357801
3281742
4694448
3812865
3366253
4112239
4964816
2345512
2688547
3222765
3679794
2689937
3184014
3945045
5376835
5968920
4029236
5775482
3277426
5629279
2955431
5101311
5567820
2498500
5028237
5947119
3522538
2852041
4294174
4916989
5527107
3155177
3212757
2766872
5900461
4440490
2701939
3991996
4929347
3406514
2815894
5132871
5206105
4021283
5819594
4839172
3455441
5835400
3959976
5011538
4558715
3045981
5341788
5791527
2776610
5047018
2926795
4852303
4491407
4926381
3280018
1542471
4465508
3334522
3422251
4208336
4073610
2893814
4012033
5165651
3957009
2873315
5016895
4160227
4888266
5667069
4317462
3312364
3403045
2851320
4660727
4495305
5459364
2741463
2468048
4138187
4995182
6017540
3464849
2730519
4339738
4405236
3744120
5796593
3341325
4221349
4688314
2616844
5090012
3562475
3721989
3708329
3338378
4827697
4386945
5487368
4842836
4937773
2819417
5811209
5829425
5397882
5307276
4438488
2804164
4986837
3295501
3094475
3056189
2889272
3431633
4584930
4434253
3589669
3703005
434596
3952123
3963367
5413390
2746696
2771026
5877631
2742810
5795633
4809009
4103832
3419663
2978932
5970295
4738221
4536853
2925252
867573
5453633
5969672
1272477
4838876
5253112
2738395
923438
4266345
3360039
3251420
5786100
3987756
227555
75412
5089937
3990929
2749798
2899076
5107773
3433233
4856876
3748300
3043091
5623428
6024645
3653067
3915606
5152787
4897607
3060242
5645945
5451338
3359811
5001804
5479837
5557834
3065718
5884197
3990845
1098585
5784290
5928975
2790909
4985798
4031846
3348372
2865216
2878548
2848390
5970922
4003843
2733784
4187809
2805523
5078336
3910753
3431568
4991302
951223
3883095
5791800
4801282
5110282
5945650
5329151
5982135
3780601
3314943
4932670
2990628
6050673
2959271
3417583
2847542
4060684
3962428
3073580
2862152
2806506
5335632
4363998
4993772
3775454
2847092
6016935
105166
3786501
5711896
5904143
2687325
2860243
3566338
2023664
4137574
5122431
5490685
2749131
2419055
1191092
2741455
4388649
4981349
5465989
5259997
2830793
5097593
4578566
3226238
3223019
5449788
2822403
5687534
4262387
5587628
1701979
5989840
2727695
2955114
2725501
5863062
4304004
4398319
4901355
4809860
2943064
4633437
4195659
4299444
4601710
5988916
2860470
2860546
5204695
4184374
3732972
4102354
3157781
4089830
2781801
5451486
5590513
3286911
5419040
5969199
5915860
4273214
5423604
3351895
5293100
2878766
3080409
5095566
2929959
5352753
4728452
5629482
5894197
2713018
4395385
5006094
3765821
3343749
4825304
5290228
4734687
4020065
2693269
5167585
5777859
2921377
5456539
4556999
3080282
3334417
1657904
5863310
3735178
5745074
1369097
2747692
4101302
4952049
3986813
3387173
2424449
4722334
4626473
5414936
5441874
2734612
5101914
5335071
4115563
3675699
5878037
4968992
1735702
2995032
3350993
5159171
5232103
4282747
6062582
3262482
1086962
4511441
3581406
1579461
5441044
4475758
6015214
3556061
6039814
5979351
4589396
2728894
554899
1598193
5165319
3774894
3629387
4376712
3186391
4896758
5999098
5690739
3618988
4966648
4797387
5719879
5924960
5385684
2806088
4627794
4581360
5112606
2749657
4823595
61523
4322504
4655279
5659654
5888377
4979938
5071214
3695569
5275771
5440932
5441511
3173549
3393675
5076681
2776495
2805555
5600509
4306581
3490613
5412021
2869623
5331143
808433
5850177
5770292
4017301
3465263
2123403
4760030
2814158
693973
5250704
2799572
5256514
3105007
5666970
3184043
4210835
5915104
4621051
3501884
5920675
5913497
5560593
3548299
5740016
5166047
4576667
5652114
4908982
3571138
5636896
4340226
3181566
4117499
3104890
5461848
2901907
4636795
3247948
4782970
4069483
5963493
5330372
5206459
4895148
4944407
2369952
3522108
4910500
3463233
3892302
3820521
3314193
5484883
2909474
4285209
5092318
3313509
5422894
5531979
5452144
6003332
5421762
4261350
5284421
5392347
5120165
3281499
4674068
5016110
2741688
3347751
3005849
5754200
2923329
3177666
392164
5078377
5290785
980282
1539327
3329907
5899351
4565056
5629302
5449318
1448750
4097512
6011848
3363644
4894904
2969014
3033246
5402240
4108818
5337207
4066443
5779486
3680426
3583309
5740279
2915196
5010957
2847321
3977622
5952242
4235358
3251985
4542501
2827514
5603232
5806210
3495340
5887890
3967742
5724985
3261402
4588256
808793
3230395
3974977
2799466
6032985
4779266
5900662
4776254
2745061
4610661
3212268
4250217
3744803
4549924
2795564
2394275
308498
3073767
2761311
4505754
5432305
3118793
3519082
4917960
4787843
3800097
3015850
4130863
2953088
1207029
4889391
608463
3619344
2703898
548164
5514826
1502747
4231620
2803601
2900765
5837051
5213792
2805445
4688920
5868845
5580045
3925806
4495290
5423083
3297751
4273575
5864176
3885398
1983255
2741134
4108965
4865235
4010469
4906588
5609597
1018540
4854757
1682183
4427024
2919997
4606486
5428281
4629901
3272112
1183652
6037209
4179997
5356750
4335034
3286067
229116
4973503
5733685
6036381
61319
5898407
3350602
5275784
3424925
2923741
4583322
4411304
5066156
3223865
4411480
2882366
5600870
5134262
2800071
324608
3690074
2815497
5925947
3825277
5248747
4349408
5080397
4960495
2806361
5200320
3118960
5380572
3066279
2705294
4000874
3387242
3322276
5808613
2719945
4141398
5494076
4337992
4127453
3958933
5031329
5941219
5160126
4951988
2735635
2892724
3033360
5262628
3315057
1665579
3925961
5630679
3734844
2804105
4504738
3805866
5970902
4041172
2847799
4608676
3989450
3420524
4334013
3604512
5709276
4058700
4099181
2725862
5867947
3135124
2868533
2720769
3078345
4957045
4072765
5346471
4096866
6058245
3661204
4399425
3440835
6058462
4083764
1669559
4860927
4603713
1236302
2931613
4439684
4500490
1299721
4985269
5516226
5783133
5130514
4655460
2726617
4134456
4878446
4395230
2941699
5723331
4994599
2440894
1440806
3593097
89569
2897110
4496713
5788275
4330529
5974302
5522063
3457705
3030759
96353
4284655
2822536
5928395
5861791
4418937
3875732
5789296
2834686
4582529
1425654
5511393
4026920
4415651
3595204
5938305
5668229
4500758
4400480
5310780
3766256
5263698
5833224
3303367
4438839
3287062
2904750
252073
3090996
6043995
4028361
5243146
5945289
3887034
5984838
3171518
4886714
3867169
5063468
5161368
2735759
4791603
5116438
4793173
4727414
1608991
3360402
5348880
4136847
4455682
2806348
4395500
5740063
2835485
3916579
2432174
5614049
2745739
3677626
3959351
3513876
3659263
4059499
4089561
2750454
255133
5706260
4642085
6041818
1042841
5153401
97627
3484138
2725867
1747557
4981745
5256375
5686224
3522617
5577245
5324725
2519243
3462506
1887266
3222947
5255270
5691455
3274744
3051020
5814870
5764294
4880154
3417139
4415552
822255
4979852
2859420
2869683
4998616
4642756
3572956
4792553
2911128
4683303
5238022
4571830
4216770
4080850
5194347
4639358
5915915
6025134
3334525
4145168
4425525
3362462
3301712
3737420
2822560
4382064
3215153
4013484
5215848
4069349
2950648
2749342
513075
5938525
4800193
4314165
4167116
5070903
1632178
3467906
2808998
2905458
5168613
2744382
4124698
4671416
2689802
5900633
6000136
5812092
841699
4635144
5360213
2753629
3925397
5151600
2913491
3334397
2715993
5906943
3576153
5119247
4713714
2821693
4418622
1325036
4106702
4406071
3213109
5845156
3125168
6006359
4234066
3908036
4332092
3222787
4905403
3171523
3949188
5951277
3775587
4395872
5390036
5453172
5414838
2848510
3748310
5416296
4309756
104025
3442553
2701630
4065625
5195921
3352904
3977401
4088781
5133483
6043474
4273824
4388835
3161482
5730553
4886810
5179742
4900660
5898750
4676092
3251434
3513679
4129823
4547080
2525979
4561947
3244389
2801220
5897101
4210589
2700834
3287804
3943185
2825459
5461397
3579871
4736104
4290719
6002700
4896309
4513393
4060953
2847190
2792287
5776035
6062805
4043012
5870530
2962739
4188747
4953849
2904738
5632718
5345287
1535419
1999782
5018951
1640757
4804706
4320657
2735695
4218377
5901506
3548312
2822299
3631565
5691820
4561324
4274044
2722584
633390
5001208
5307888
4907459
61297
3417021
4607300
3885380
4319571
4319924
2713382
5674751
5740088
5588651
3966332
1859571
6015256
4969956
3307186
4425457
6054410
3926296
3955321
5081039
3497228
4034796
3928310
5958165
4920627
3334500
4241574
4648775
5094529
5310553
3891385
4355199
5123110
744124
4740281
3237467
5669047
4984011
2912065
3055403
3632077
3266861
5376208
2778472
4684979
4503370
5536144
5953708
5525631
843789
5280693
5899130
3781375
4955182
5398306
3130215
4026317
4544169
4618308
759538
4382655
3194551
3235782
3049941
5041515
3783477
2801809
4380215
5089471
4655572
3329455
2889275
2714852
4380448
5940644
5531834
2344382
2882688
4394116
4154438
2904953
3201972
4598536
3377862
3283592
5697403
2851349
925206
5757285
3115549
5312954
4565364
3429704
3258523
5500145
4101690
4317170
928422
2899917
6043630
4186512
1271903
5013174
3457035
5421289
4419904
4558163
4187633
3996090
640995
4181211
3336572
6055882
4955859
3363512
1579420
4142843
4185774
4825715
5544131
4902495
3566094
3228086
5907237
5250299
3269324
3962599
4070142
3698560
4240505
5099152
2850778
2713865
5526754
4312225
3376566
5333072
2739770
5091295
2851633
2962569
1948205
3105967
3281554
3915234
3149624
2079567
2717838
5680852
1608988
2940747
2895178
4878730
4993506
3920101
4065885
5514397
6043138
6010371
1669934
3356581
5229872
2899388
754180
3705754
5925148
2743781
4848826
4381435
4529622
5308177
5134475
4412247
2735352
2928210
3069101
5442612
4466064
5464657
4627022
2732185
2687183
2904101
5755040
5863091
3225832
2822903
4011015
5221642
2822190
3818406
3950614
3775062
6062107
2789469
5820383
2737946
5315537
1578335
5842205
3771517
4468315
3123991
5468010
3814078
5697586
5008555
3543850
5899830
6006817
3569422
4819695
4273232
5424623
4239175
2709847
6034936
4311317
3716023
1669533
502427
4414044
3992690
5458339
2754178
3455505
3543694
5733495
3222634
5586744
5564332
5577020
904452
5700286
3921501
3214547
5832371
2697393
4191625
5230696
4737438
5238213
5361720
3056081
3937331
4615434
4875965
5925115
2339993
4671039
6005352
5398108
3149846
1659865
1808173
3260569
3911650
3783157
4098267
4361033
3107508
3755620
5250052
2860149
3104750
4211457
5519602
3446657
2439570
4622664
3420086
3439917
922780
4887141
3878874
3866862
4128182
5053108
3223085
5549516
5539969
4672378
2703813
5136243
5245636
5592051
4810459
2020937
4261442
809201
2706362
4559716
3336603
4134403
2804336
5650581
5897987
61422
5430623
2935617
4912559
4545270
3272582
4946001
5266565
3315169
4674720
5628837
5517876
3964032
5824748
2998183
5907087
4493320
743831
2804156
2756246
1930831
5914801
5762149
4664956
5283299
5904159
3174928
5722205
4624956
4139925
3214982
5249686
5519887
4556120
4025723
2804723
2772658
5990612
3261801
1578268
5070659
4192345
4110955
2340217
4625557
5491671
4995948
3030070
2689392
4783505
5969948
2786047
445470
5398651
4557275
1815650
4284451
5435489
4822857
5090596
3381072
2712029
4173086
2737780
5861270
2666111
2726295
4414686
81123
3286890
3664149
5515103
4451054
5074395
5449186
4368242
5351488
4501255
5961369
2930908
982756
1098173
5624879
3815269
5415512
4385131
4038608
4205028
3339113
3378792
5212868
4342372
5927118
5720634
927983
4085245
4478641
2744185
5482641
1092040
5942739
4289431
4184045
3457704
2943759
2726681
4463993
4740476
5966081
5922466
2401452
5040741
3065954
4507301
2852156
3783926
2905574
4273993
5818395
3553375
5668255
4695968
2856436
3042047
3918679
3199715
1045754
3622408
2964374
979017
4503220
3838943
3954254
1047667
4497833
3871461
5544603
2692175
4072879
3850366
2836761
3091063
4741858
3414162
1657880
3065622
5400953
4160499
4926488
2800215
3989153
3970524
4880052
5810659
1059947
4294277
3927146
1233860
3433223
6032639
3946493
3283637
1657815
5381357
1885624
1982807
4592812
5729484
2926675
3436608
4272103
2904839
3986478
5657823
1962230
2808472
4203261
2826314
2804383
4733837
2756173
4010361
5592468
2735773
4695291
5457177
4761794
3926420
4386458
4901904
5910955
60133
3767401
4746542
4964018
4138610
5215254
4460872
4379613
4828109
4501026
5092404
4716556
3674869
5461671
3226226
5345243
4894703
6057091
4514429
3419909
4234393
5612484
4044762
4123569
4845355
5307345
3064909
5149057
5428763
3839202
3608138
4505252
3305965
4155611
5846722
3945406
3115228
4986571
1635514
4265289
4965378
5569547
563291
3766930
4556075
4956982
2718484
3899585
3397296
2749419
2691877
5468092
227276
2636903
5835057
2428061
5669985
3482222
2873156
4856259
4315086
1241831
5979348
3447474
227729
3222926
2777740
4924841
3518647
5192830
5630962
4019532
5256219
2746248
3886905
2758919
4995424
2736848
5294911
4395172
5536219
3362295
2430827
4835807
4152034
4395097
3743132
5259083
5200755
2869346
2761789
2780125
5763678
4896421
5241601
2882598
5469166
5641484
4414110
4206673
2820631
5447085
3730659
4960397
5815285
5257548
5341681
4103194
4387076
2747859
2899742
5256467
3278876
5458150
1494048
3802214
91998
1748299
2726827
3974236
87605
3418715
225449
5224211
5190968
5440147
5080390
3276950
3622683
3477501
227974
1503207
5251022
3266863
4236066
3202263
4040047
393357
5821291
4840689
2798804
3922725
5269893
4075847
5199665
5830371
4395672
3351893
229521
3373424
2079966
5422625
4642639
3249169
4197113
5724045
3031130
5902360
2808145
5070032
5424140
4968512
3395934
4035119
3414441
97480
4357804
3464713
4282720
4337917
2893438
5939403
2905663
2746431
5922868
1227412
1455399
2804885
5314881
5337563
5763013
1637161
4829900
2837480
3891983
1053037
6054068
4748537
2804740
5150373
2845303
5726363
5135736
5774502
5245212
4707866
4625352
3623932
1834501
5741713
2103142
860130
3277466
4725836
2709312
2978758
5219942
2371052
5296544
2963775
981118
2766534
2900922
3272498
4669741
5319384
2740710
5596153
4882071
2695352
5631693
4683699
16947
5528551
5330874
4726788
2640775
2822502
2023870
3405963
105862
1298306
2804092
3187050
4558223
3598109
4392565
2737325
4474857
3644466
5148806
3256415
4515478
4380913
5784079
3917577
5867435
5458062
5401134
1494267
4452267
2820815
92233
3458724
2395824
4645273
3347720
2695162
4954730
5328893
3274639
4323670
5192361
5889430
2724190
3235182
5828289
2905443
4883953
3174896
5874374
5847908
5969082
1814867
4826704
3453827
5257669
2767789
5832320
5043002
4293625
4710013
4806318
5397171
2944691
903466
4072870
5333452
1125524
4504468
4520979
3715188
4078812
2905446
4504313
913242
5060619
4731988
3705910
3349828
4292398
5925837
3714805
862295
4075771
1008079
2693490
3997087
5338103
5256237
5079355
4000670
5602106
3961546
1159262
4345741
481374
5743937
5077572
5203022
3935247
4887966
2789494
2870946
5405941
2729041
5075675
226432
2926669
2942183
2769103
2752370
5790217
5263128
5505723
2813754
3412714
2898080
4041413
3947901
3736788
2871509
3657825
4273752
3785689
5537695
1019492
271426
4375861
3603834
2854874
5826389
3745807
3288419
227015
3679994
1741726
5625750
3419834
5952892
3964692
4242772
4479112
4715834
4380658
4430011
4065488
4388994
3941367
1601753
5104864
5195639
3287784
5067613
2692549
3189583
5901423
1101649
2420794
3288352
4576003
5664258
3331938
3797961
4377672
2756695
5282037
291411
6042327
3946617
4202978
3231167
3923996
4559129
1056262
3743311
5372103
5276613
4695388
3441226
5489094
6039159
3280053
5573503
5339234
5637532
5514878
5150413
6023983
4132796
4292602
3328867
2804425
3584536
2804120
4205269
2829124
2715700
3222789
48163
996206
3514850
2834691
92378
4850502
2822593
4726636
2012546
4779029
4564254
4956689
3315838
4464009
5897946
4657905
4877769
4395546
4276283
3543122
5509747
4639839
5376901
3830966
4277906
4278772
3984563
2736563
5185856
25681
4209140
3229052
4913102
4377380
3529941
4331018
4608591
4802827
3888935
5416256
4087131
4732031
1509862
5356484
4736734
2341978
3676481
3077468
5718313
713942
3948853
3749993
2706026
859670
3944048
6017260
1494904
3223226
4761817
2890667
4034254
5042627
3726037
2789640
4011758
2783777
4229251
4351248
4161441
4838148
4205286
3677158
2936245
5385117
5567980
2733260
6028850
4194098
3222644
3382932
3271399
4308024
4034684
5600821
5452093
4963998
4885190
3925635
3798811
5702325
4585945
5915853
3360526
4118153
2736199
5347223
4819845
2413652
2776457
3762390
3135665
2900702
4381527
3348153
2772207
5211098
4925089
4409810
4958257
3146923
1534754
5637901
5643065
5889447
4788303
3266322
4511927
2936185
5729354
3369078
5767229
1750186
3347797
5665856
3516556
4396113
1900158
2794596
4467839
4548321
928587
4627885
3552570
3157272
2753627
5881295
4154963
4845321
4562044
5122386
4393856
3695943
6041645
3206626
1076923
3226227
4027842
4033991
5680708
1495584
2719640
4657629
4152378
5257016
5885369
3463068
3223370
2767007
3989487
4754178
4138604
3928745
4029811
3118699
3223818
927979
5160935
1846738
5969105
5883231
3843163
5856815
5732835
3287038
2755564
3106541
3718458
2728635
3135629
3291035
2778643
981315
3326204
4059653
5488035
4376619
2742553
5765221
5237915
2715485
4743794
5790194
1646909
4069828
3599856
5097182
220736
5958214
3270359
4886365
5657831
5076946
5537269
4755396
4318375
967399
3309252
5999810
3923246
3309227
2721833
5239525
5835728
5123736
2872337
5005095
4857055
5174939
4722594
2468907
3916911
5147794
3904008
2803919
5108723
3895903
4780896
5917552
4691179
4318338
3448389
99918
5340022
5591110
5024093
3631652
4554057
4113793
2750541
5511939
4718985
4163771
900586
3207463
2913931
4740700
2963823
3653270
2748891
2784542
4318327
5485346
3241077
1680938
2160783
4884442
3251432
4095522
3950969
5295573
5778834
927587
4404324
3266754
680324
5978220
4159209
4154241
3186318
576438
928416
2847209
5206857
5070911
74324
4047496
929007
4296542
2748947
3199754
5589346
5294288
2701349
3994238
4738001
3343285
5709745
4549665
1494969
2865161
5321223
3711502
4420971
4870220
4047652
3344162
2822827
4672198
2702068
4557197
3536274
4361766
3458406
5554173
3924253
3946580
2988448
3439705
4138973
2688872
4734781
5925973
2689225
3436575
5136928
2728678
3448999
598855
2950172
4893273
4345664
5917397
4329399
5511547
291036
5644425
4603948
2079547
4794799
2850984
4853125
3668818
2817820
1610264
2032844
4094050
3351823
5335439
2026227
5333858
4132557
4379160
4935721
4951221
1627542
5720796
4261467
3287055
4099522
3404715
3517073
1232777
2798856
4394994
6003832
5960796
244738
3300354
4106974
3802246
92001
4269921
5689524
680793
2421277
3695963
2834059
3728288
4122729
3308930
6034410
5628082
3405178
4898689
3908707
3529163
5148308
4935739
5564544
3120085
2780239
5566299
5100010
4873524
2561535
4049646
1575513
3492685
5456653
5349831
4037703
5101163
4128845
5271116
5833040
3838508
3808919
5720439
5275148
3214475
5204604
5041932
3202607
5297302
4633427
5422472
984294
3925831
2821979
2868613
3226224
4283449
5348517
2687331
2804412
2753834
2868778
3752590
4700615
3813390
2894186
3917432
5420907
3191295
3405390
3103372
4133785
4652463
4379242
5429539
1444965
2822369
4504761
4395621
4016502
3314234
5814086
4526635
4922272
5545780
5105237
5421587
1453522
4678473
4542063
5281896
4532013
4430306
5388970
3072494
4280897
3307681
3269087
3422479
3355508
759769
3186717
5386688
3362245
5413890
2024464
2779704
5065370
1135253
3052737
3134370
759578
3243138
2808901
2963824
4965716
4964760
5533328
3329400
3176023
3030065
4629582
5089198
3292751
2935707
5873991
5110518
3634602
4294549
598340
2695319
3359622
3158490
3713553
2688059
4175624
3360003
3764427
4376878
3315068
5329659
4219489
5524859
2420517
5200672
3650787
5975278
5882895
6014645
2802302
3299461
894975
3163390
4394987
5312326
5512514
4153167
4759254
4756190
4019027
5466109
4557691
3970099
2767031
6042534
3751284
2754286
4596612
3559808
4763720
3976218
1576652
2688231
5077520
5806062
3380739
2851732
6011254
2771531
3914920
4210869
4308055
2693964
1286098
4042086
3349492
5085799
2804016
4983864
5335568
1219744
2778369
3198158
3976755
4974161
4987172
3329437
5406955
5726928
4433053
3948268
4380000
2788222
3244678
5956772
927462
3962658
2743329
1737177
2689971
4704047
5002127
4151972
5745838
4450506
5371817
5095405
3534404
4870715
2441160
4205712
3226104
4161407
3387356
4030793
5930471
4735795
227840
3266696
3135141
3214827
5094728
5509560
2789790
3861600
3769416
3392304
3338942
1814707
3225741
5255575
5089207
2469093
3256560
3116582
4548754
5339459
5604053
4425953
3219662
4812557
1578514
923779
4456407
1424476
3833767
2829332
5105326
3869191
3903997
2716647
3263778
5062871
3574062
992779
4105083
863020
4000473
3434674
5779310
3291081
3095401
3323831
2836766
2788843
2704364
4485934
5480363
1327479
2727351
3277861
4274029
2725488
5995633
5412057
4265201
1575898
3560325
5452969
2802513
2782547
1443988
1074990
632679
5010309
3751188
5082389
2882559
5256450
97214
3809532
4330802
2834479
2741856
3295568
4127160
2139090
3710282
3222043
5467240
5872344
1612059
3853800
2723180
3365427
5707692
3684964
3650737
3219994
4178086
4399517
5091828
4039881
2709544
4327832
4759043
2878097
4120590
2622907
3366499
227646
3859989
2692078
3237496
61080
3921007
4225058
3795071
5176796
3266558
4308819
5047291
6034337
4613251
2864630
3323699
3903529
759640
3176110
3582222
2012778
5617607
691648
4166632
1965879
757603
3215767
4282951
5063551
406163
4394465
5326492
3831120
5075102
4021956
5201092
2765562
3388457
2804928
4967938
2758558
5003218
3203708
5707787
5885285
3293828
4381745
5825561
3627392
3516297
4103047
5171196
5424506
5922756
5560478
4156667
4895789
3284727
2948660
1637046
5320801
5179139
4358692
4801751
4384907
2804798
2713154
327015
3203753
3987321
1136698
1272471
3174626
5727029
3262441
5511218
5390550
3006883
3969813
1218970
4902646
4673417
2414573
5926619
3292813
210568
6011595
2873396
3864735
4574766
2001800
3693642
3646350
1577921
119652
4385792
981905
4965059
4060215
5834935
5473130
3359755
119687
5885298
4780305
3868590
2713078
60328
4908007
5539450
3816621
4508173
3062968
4395174
3135582
4204156
4763477
2709519
3237631
3194912
4380321
2749448
4595092
5389347
2883911
2836799
4654165
4514541
338519
4248661
2370239
2698433
4744877
6015343
2727068
4310725
61289
4117344
4833583
4547228
4200654
4149215
2936248
4492304
3540231
4685906
103920
4891266
4134793
5631550
4248751
5118453
3816374
4745115
74270
3223714
5769710
2809454
6025897
3600448
3924305
841139
3916586
3862791
1880314
2776308
4147975
4566947
5249728
4247730
5508015
4288587
5715774
4232722
3561769
4840104
3629841
3349172
4716590
2837393
4129899
1271597
3222648
5273644
5555195
4326581
4335760
5761292
5072904
4058518
221468
874517
5700378
2733878
4757982
4502052
3332231
5076073
5215629
4969952
4619388
5272980
2829417
3806963
2700015
5671420
4791033
3908621
5337381
5890104
4390253
3704581
4835269
5336491
3748344
2726573
5458371
4323492
4415719
2299057
5654326
3633781
2734661
4780539
1576999
4583773
1047594
3351790
3293498
2749815
3351285
1434365
2697483
1748151
5213303
4385885
4376641
5853930
5253504
300564
1576850
5890243
97569
2770176
4136926
3564081
4157570
5321175
4677758
3056193
3387857
4388492
3596229
2862285
4276883
45741
2719327
4186148
5080559
823242
3085708
827187
2820977
4912196
4762202
5749435
5691430
5034254
5102375
2144746
1495370
984341
3782217
5792800
4142323
3926599
4394974
3609855
3397802
4093493
6017797
983092
1637351
2144652
3446955
2844005
4440856
4187646
3035661
5017259
3483591
5375489
5830857
4563143
4922610
3160055
4804528
3769860
4610452
3177321
5946214
1887094
3253353
2805867
2960328
4959580
3282411
3758762
5650826
5733591
1105354
4316957
3208142
2735535
5922064
5101453
2937133
2718173
2038465
1890510
980302
1686468
4903508
1482262
3499717
5355052
270809
4391523
436149
494600
3459370
5626893
3819769
5821685
3969207
4502862
2617084
5686278
5894313
2865778
2715336
4407065
5416986
2955126
4602164
5205006
4047747
4688736
4041852
5724294
4621988
3727222
5335837
2081868
1578394
3798379
107520
3251059
4700404
5657891
2125314
4968915
5861710
4145586
5360426
4971194
17009
2745005
1477489
291021
4370099
3828124
2755010
2860272
5835998
5546974
3670387
4150158
4357810
3841750
4314784
226721
4496380
5721958
6032017
1104483
5454182
3265071
1444871
4491833
2744033
5248666
4839894
4100592
2685371
2809674
3065262
239462
3778307
5719926
1685940
500671
5672507
4766294
5938268
3771283
1575938
5117579
3750056
2751318
4601485
3360785
5778866
4198918
3227271
4383533
4667377
1576801
5808536
5353910
2849909
4510685
5494822
3883656
3604782
5629641
5387643
5605878
4408791
5415237
5479634
1815446
2787706
3441007
3625165
5493403
4699129
3634816
5293417
4663596
5604868
5574207
4106065
4640799
4426279
457623
1636057
3529656
3091765
759444
1749041
4148681
3383654
99469
5414859
2844851
2812400
4031345
3605755
1807679
4868016
5568382
4295718
2734845
4096814
4793775
928145
4185979
2842041
4009046
3337198
2398705
2549860
2899746
2830654
5974225
5729758
2978815
3885753
5514442
3012972
4292101
4128260
5318471
4909000
2822588
1576039
3509145
5920095
3974355
6030997
5882090
3382283
3755634
4760058
2767715
4499867
5566874
4417887
4047617
2767471
5372303
3677188
2764039
496755
2811463
5513809
2174974
3691366
5518931
2750969
4087579
5078521
2739979
4676595
4460071
3818528
2689736
4674994
6062079
759434
4516271
5318674
2754359
1428224
2770545
4728222
78059
2748195
2748427
5332883
785372
5567955
1704881
5473994
2973337
4689423
430080
4115024
5701022
3287773
4867781
1262481
3777992
2025175
3197470
4903760
248045
5598886
4462602
2033501
4663767
4965845
4726982
2826882
2737587
4379394
5476256
3643746
4751468
2822177
3748703
2955223
4310638
5330782
3857903
5695710
3938487
3945203
5852804
4039697
4903020
5843743
5964402
4508386
2690862
2965495
5422519
3561815
4774162
4154825
1271591
1060259
3975274
2714774
229499
6050378
3748591
2717839
2698311
905673
3789112
2684851
5443680
3918540
4277186
3751088
5472640
4346557
3360714
3106771
4117643
3181155
4192668
923389
1655737
6060018
3365796
4565829
4405912
226587
5275437
5018690
2124875
4040271
5033302
5979901
2686515
2844999
1578958
4269424
5132939
3768277
5334489
4021328
3277833
3313338
2787925
4034300
1487679
4404262
4910495
3946561
2743637
3286953
4933697
4226181
4966790
5401878
3987864
5091102
3336613
4674762
2717315
1575546
3551858
227875
3976153
2390778
4888890
4523246
2712525
4419019
3608336
4978802
4164511
3901189
1578813
4388794
2704766
3417523
4951382
1577270
2749481
2766818
2715803
5683172
4623161
2876363
441658
4433818
3396382
3367197
3404937
4916979
226754
3628124
3660453
4977233
2804644
6061785
4730844
3297551
4126516
4102047
3711139
4738748
4880476
5725655
4385155
5930321
2705101
4699034
91492
3162132
4516303
2790933
3494486
105386
5853642
3657013
5829114
5557529
2876131
2804782
4790063
3463293
2775711
3811468
5586750
2817612
5832369
4898959
3919287
4337195
5259035
2908816
4648550
4636388
5103535
6027159
1575677
5034486
5368866
5871724
3296192
3644436
3703918
6052322
3850712
1498391
5162278
4807349
4554141
440937
394385
3687690
3951998
5087973
2792359
5465742
1606697
4388584
4411218
3296193
929469
4155230
2784881
5063899
5997224
3373711
2483707
4075555
3313508
2783432
4177819
3542616
227294
4090677
5123907
5079009
3900871
3334044
4114978
1635791
5275705
429033
5889103
2715754
1821240
5067096
4779069
4177397
2926676
4527088
5477841
5424019
529475
2747824
4315603
97054
4284699
3070372
3748850
5255252
3922315
2779655
2741598
2729855
3896827
2164615
1281144
3535185
3436830
282596
5749409
3413903
2688587
439322
4968920
2707284
5912655
5152243
3984869
4203777
3986081
3877648
4044137
3287001
4695952
437041
4113833
5464200
3686349
5813842
2933613
2686086
6021862
3837791
105501
3343719
5092252
2679810
2727596
432859
4515901
5163993
3945674
88193
1147556
4966556
2905469
4162637
5123167
741018
1570575
4178492
1207321
5324027
4742907
3777308
99633
3445028
4549560
442164
3740674
2727441
3502882
4115649
2823037
3359270
5725650
2929808
5924112
4663867
3719943
5714492
5483466
4409890
1499595
2414483
2027059
3585976
2748804
2782257
5499818
4897010
907843
73829
5919836
5916532
226673
3422526
2711321
3656205
4063120
3989576
6009843
1454647
4203211
3648100
3490662
4045286
349537
1635641
3851913
5631126
762832
3273866
2776774
1578002
5565536
4921689
1501168
3300377
4435223
4877601
3790895
94363
2713778
4668555
2730605
5749882
3103847
2719628
2444124
2713153
4964662
4385639
1041760
4103802
4084407
3699361
4426797
3331053
4716167
3381245
3469826
4009462
2435603
3190742
1356236
5487144
3386315
2765711
4155759
2691117
3423510
3114201
4900940
5825647
5116596
3811404
5800951
5469913
1011105
4241685
2757350
1510863
5650100
3214495
5627002
2722752
5467391
2777525
5573443
4249680
3114634
3243160
5729508
4192902
3748502
3835732
1577761
3375318
4721483
890912
2697611
5414261
2814370
5421448
4283255
4110049
4171870
2745536
3639245
342014
4393802
5487181
2758299
1578990
4387461
1575482
1502640
308912
5218763
3840310
3360303
2298525
1577446
2836133
5660207
2749838
2336156
2471922
3266331
4186210
3356087
284002
3753694
1117563
4274471
4812783
3674427
4853073
2976531
4266866
2764147
759418
1578010
5044375
1465040
2830232
3764764
2815370
1307212
2437836
4613065
4115570
5759725
4565988
3475774
5149727
4262757
1423847
2505100
3450858
2699747
5113177
4499576
5353609
2978652
3992052
1576559
3174483
5345821
4846098
3998163
4172605
4123411
1578525
227786
3808548
1419897
5721894
3561399
2747132
777256
3361325
2778406
4230615
5202603
252316
4380560
3634591
339282
3772844
1837890
2748064
5587171
5633496
1415732
42230
2772706
3350973
5954536
5754937
1392816
3920878
2712362
1236691
2852726
5125928
2726133
1335269
1611455
4003625
5475082
3244833
440398
1862603
4384187
687390
2750367
496664
4740894
3178373
2756481
4452182
3816510
327857
5402248
4409574
6021070
2688470
3266784
2749665
3284248
3214516
1491655
4073038
3748231
4187339
3538667
256731
3648626
2754520
5745728
2691874
3408541
433892
2689338
4122427
2759002
4708006
5486119
3225721
5564232
2953274
2734099
2687010
5865102
6008855
3445203
3870473
3608940
4262110
2724345
4930450
1740651
2290361
5305062
356007
4886337
4584392
3358640
4966196
1768802
3918654
6013457
2735675
5671073
5290916
3858051
2706159
923841
2477605
5793422
4403481
2742393
2936283
2771170
5544405
5240156
5691296
3786971
5860843
3162465
4771120
20558
4785712
2823093
2781988
3389050
922523
3138634
1502707
4763405
5859345
5775634
4105938
1575310
6040950
3874294
1260096
5786002
5047947
3387472
3388625
3679161
2769246
3657818
3195811
5333263
4995456
5270272
1926608
4573625
5223894
3704406
1576286
5848064
3334552
4731936
1608985
2780130
1923143
5406265
2690583
3757175
4349611
4766253
5766493
5624080
2485975
4058279
5481772
437591
4622556
2753646
2822084
5939943
4178556
3991607
1109851
2424069
1913271
5333075
5250257
3406605
5724519
2790749
929445
3103554
3038717
2744688
5468836
4398522
4057340
1639473
5131568
2731702
2740799
2467190
2806062
3001695
1575235
4759980
2779580
1622368
83310
1577729
2317708
2424112
591766
4019894
1588795
5285155
2957629
1659867
5059884
5692018
2753884
5297996
4756631
440665
5488220
4521160
679875
1491244
228013
912671
4052416
513581
4738411
49363
758715
5418662
126039
4695583
5994491
3251475
1263006
349852
429763
3226580
2853930
1705344
2893913
1636548
2750274
252030
4976148
4535287
3985367
327251
3359764
332438
5419060
226986
5260718
4588195
4712374
3969977
4035167
6062341
5631492
2723398
2490879
2704630
3860682
4001741
3981742
2115021
6055570
4415578
2841833
229550
2539435
2161553
3702718
2696986
331077
3727329
4154345
3731547
2700381
4102298
4381325
4085698
5481875
4379188
4238722
3253436
4403632
1578677
2798448
422801
432136
1916598
4402469
5569206
4415670
435986
4007369
2965239
1767070
4013778
5747591
3361510
1391539
431009
2765938
776515
2906316
1098920
5855536
2558408
1622654
457979
5368537
2044558
1913663
4885462
3172541
431761
610557
1226557
2747579
327706
1648334
2743063
119571
1577789
3999016
3776077
4051803
3297502
5734730
3083508
4231987
4070882
4544806
3644447
5500805
3805832
433529
4931360
2316428
4462493
359811
1597913
89969
56918
1873179
5290088
6034272
2472451
4304079
3672197
1503583
2964624
2783770
912286
429602
4390889
1294827
5731749
450599
2704660
4000025
2953313
3824519
4191925
2747914
4052569
3250123
2858734
32478
3791223
1754852
4282796
5813760
284436
4564079
3374586
2739449
2422749
5683442
1576986
4211163
1576967
3242295
4116290
4506093
4968594
1619003
4980018
1636436
5353500
1918876
2204472
2842043
1428380
437174
1640607
4438366
1575909
432590
3347700
2554038
4179286
34515
3232082
2762836
1614442
3323687
5836704
1684952
3157665
1767464
2497136
3436564
2465246
284145
4004924
2964432
5863377
1899854
2750620
1916344
1577127
5321462
2694294
1937372
2857344
3220854
2734387
5820203
2741733
6018661
5315814
3888962
4289168
1846694
3436276
555535
2297322
3963765
298626
3489460
437593
2907573
1640623
4105661
3871015
497080
4945592
3871324
3647081
3798969
3669522
3864950
3020837
2738055
3828008
2277563
1601625
4388873
4565237
3886006
3200216
3991811
4383076
5324381
1578504
328812
1917786
1427613
1918552
2407340
4658143
5088738
59408
2738151
1922947
421404
454149
3339498
4001380
5850670
4423039
2771941
2706724
3403403
3924451
3656409
2046635
2733947
5226345
305816
4241927
2771706
2694991
5082622
1576162
4495141
686587
4633331
4008052
3969048
1637821
2448888
1911880
5377058
2834197
87483
5326074
3545002
4393610
86997
2751942
2752358
429521
2468327
1754808
5867944
3723888
2778909
1864899
4899745
996169
497072
1183694
4384473
1576284
434042
3646994
4436210
441824
2963776
435903
437187
3955315
3469106
2699375
3645057
435987
4086943
1810846
2783673
4199593
3149587
440667
4395600
3184594
5765199
2862897
4378490
1575258
431995
3916267
2772107
1934111
433083
5361449
1576193
3361528
5398560
300607
4133401
2933612
3329343
4876512
3748567
2534316
2424800
430154
4213834
1577661
5399478
3178374
2531848
297416
5952021
681017
1578899
3933665
1429974
2738905
3292680
433822
3423117
3456626
1754825
4148955
4451663
3952048
1127201
3893440
3758745
4638924
1826209
5510451
2790224
4741866
633686
434917
4658759
6035564
663873
1994053
1576003
3618664
1577217
1904862
2493316
4799593
4000049
4806785
2703340
1440413
1203292
3945484
3565425
331503
3913535
429250
2822469
3253912
685147
3184033
5551698
2743628
4605966
4107386
1577125
4686359
4994481
1577705
3640226
423121
4510775
4068490
3567701
3047902
1233475
4386911
2698205
1447392
925963
1575953
5060740
4105649
3447785
99552
4380622
2737907
113626
3867139
2746970
1034978
2779343
297864
4522752
1637359
5352223
5571133
1578438
5509185
708818
3253446
4289254
3970733
1620393
3388180
4564111
5686255
1575703
441130
1234467
435067
1641024
642511
2930942
4436118
4943245
2733304
4121836
1427653
1576841
945634
1635762
2557745
441661
438977
2741649
5948614
1280599
112949
1041223
435179
966484
1637059
3384785
434412
1638411
2315749
439420
5768178
3463244
2294441
2471685
304895
4051463
4375663
432329
4508142
2166035
1228708
3638225
1579030
435830
4183082
1638077
409244
3047615
5069523
436762
5869070
1744677
4570714
133103
2989153
4725142
1636814
4128176
2732951
776745
5808644
4004189
1575512
1576207
3249523
2316431
1577642
2464898
4899048
2753572
437592
4563117
355991
4664443
1662802
4080419
4407175
1097788
2739882
300343
1502765
5339021
1638817
4322952
4661440
1639427
1640466
3751097
1921594
3669279
431537
1635737
2295207
1638889
1223667
297318
438760
3601223
1578520
2802961
4089147
1577657
447514
5872229
2321378
3382256
1576557
680781
440393
1639606
1576112
2306003
2793806
1639072
1870223
118170
1639143
4292016
2800701
419841
1749152
5083901
298356
583178
1260079
2446469
2103727
1648962
1068571
3430426
432060
1637156
3614572
5891673
1636021
2372834
1640163
5643857
2736202
4085344
430864
438500
99435
3386453
306244
4237070
1640074
5820961
430867
911943
2465814
2294895
5963779
3168266
1578162
434676
3922958
913006
330832
768593
2746145
4694799
1578768
2443825
1577366
3106200
2389968
1588800
2502773
3665008
304974
5041848
1640891
682495
429413
1577799
1576642
1635995
1579033
431211
1966703
5287556
5379529
1640400
1635092
2781339
3863787
3947825
119581
1576613
461757
5243190
3611346
4747398
2424634
2315234
1579046
1578329
1925730
3163125
1265877
2900442
4384271
1577057
3482446
119609
432939
2473102
2756615
4057448
1904681
3030416
3386151
1578507
2824142
1575821
2375111
3721192
1575532
1578911
2566317
1578984
2377094
1578695
1635072
1577826
713051
1635728
3537449
119682
3200512
357911
315866
2325806
4090910
1578713
3605511
1635251
4531324
3733061
5037757
4681640
1577720
226688
4065186
2470876
347235
4413501
1577719
1578518
4411015
3094225
1578326
2421867
2472319
1638255
1576745
1639040
3689959
1501568
3636677
2463793
2295137
1638025
1268950
2333068
487401
686387
1635562
4177036
2564189
1640998
2390786
1578502
547329
2375044
1978605
1305564
2655038
2480090
2533250
2677405