4557402
3861962
84500
3567364
3690341
5222163
3358971
3223052
4453673
4090215
5414456
6039911
3841818
4125737
4547087
3351979
4072880
5026451
5257630
4313205
5818791
2959881
3385274
3150441
89261
3974086
3783126
4923677
4578505
5418884
5731275
2745403
756659
439281
2765306
2735427
2878133
2968536
3069181
3472591
3854997
3575575
4858767
4404109
4468310
4394798
4336047
5613765
5485861
2739313
2979604
3347698
3198469
1503013
227814
3838839
759447
4825226
5060351
4888051
3193382
4444934
4739843
4624708
4339729
2999151
2468688
2979557
3331650
3187047
3222924
3277227
3009327
75420
3636901
4015938
4031807
3930209
4166808
4928131
5075701
3072705
4180791
4390114
5279678
5213484
5499452
2976754
2976869
2976880
3089541
3045329
3122881
3368221
4946928
5253907
4678323
4310999
5413622
2744907
2736120
2929214
2988682
3478285
4027760
3737908
4051174
759445
4700968
4586773
4271827
4614213
5263784
5778135
2723535
2869072
2803932
2804552
2822525
2822780
2889886
2978278
1145662
1060148
1018576
1195023
3207875
3371993
3114580
1576844
3956065
3805843
3282751
5164195
5085925
5045976
4399499
4888980
4550380
4456530
4735693
4242661
4679383
4181424
4329143
4315268
5604580
5607653
5450379
5525966
5763997
2421167
2846462
2872320
2880064
2835085
2808503
2808732
2804471
2822863
2905580
2906222
3286887
3169336
3030760
3225581
3242430
3244571
3428455
3454446
3104687
3512669
1585554
222116
4019967
4022456
4026199
4019163
3974177
3769093
3549633
3648455
3919996
3905945
3703607
3835899
3148107
4172292
4133284
4847254
4934677
5007946
5241962
4552726
4557009
4467959
4456001
4501765
4391852
4732461
4263878
4090224
4191646
4310095
4600408
4602532
4389349
5200574
5234480
5226976
5592592
5348724
5712823
5464752
5462082
5666732
5263075
5819320
5846631
6049986
6062462
2839118
2828650
2911771
2940742
2976868
2966793
1918259
1295528
3292006
3038564
3365988
3379306
3390304
3392143
3420075
3431499
3104846
3512858
3513054
3496839
3607145
3617853
3585100
3990146
3974107
3744327
3675651
3643971
3621700
3624402
3898721
3816292
4134257
4811604
4975001
4894174
4725194
5061835
4468847
4514150
4417207
4260664
4673342
4180790
4088478
4090645
4298850
4270880
4367259
4367584
4333657
5169821
5315417
5283342
5616115
5592618
5423898
5348150
5873246
3470314
2393850
2394129
2767780
2743750
2687016
1206321
3417396
3486473
435583
435590
3622232
3833206
4078060
5085567
4745658
3192274
4083296
5203667
5871958
6014912
4822123
3538664
2713132
2839716
2894113
2929310
2953251
2009656
3042537
3035275
3053848
3387393
3226561
3277433
3429941
3312249
3101797
3104807
2984739
3023017
3462748
3464710
1545401
106193
84898
437705
441913
442062
3610047
3602148
3983466
3991240
4012728
4012805
3549266
3644457
3963561
3948078
3880706
3712246
3650169
3842681
3813162
4068859
4061898
4137817
4120018
4843629
4928500
4971875
5067307
5084556
5035031
4897098
4901357
4783881
4723042
5571723
4550170
4542109
4579706
4428672
4517234
4490122
4395695
4736255
4227119
4261408
4668770
4660020
4217801
4188293
4189823
4620464
4622428
4521301
4384219
5202075
5167820
5234496
5277217
5284779
5701583
5434783
5471496
5419851
5333602
5545771
5150966
5835488
5767141
5818682
5795012
5782284
5846709
5934676
5915680
6024345
5063375
4678301
2443506
2460798
2768025
2776344
2749330
2749851
2750828
2753459
2753681
2721235
2723683
2724069
2693189
2693588
2694586
2700106
2702687
2685918
2854253
2808592
2804537
2822746
2893942
2888005
2905573
2900408
2930004
2925402
2953463
2963762
1948556
1271580
1122108
1297398
3329512
3334287
3334395
3334396
3287002
3212695
3161824
3041447
3068003
3360747
3391914
3314836
3271479
3170788
3251446
3434563
3446279
3441623
3454352
3063470
3148625
3058012
3468768
3504046
3499597
1494489
1576294
1577268
1703219
227831
84465
61633
3611873
3570919
3989454
3769205
3772991
3763364
3682518
3619023
3937628
3925734
3946681
3948763
3878190
3902876
3727134
3713564
3525166
3682845
3739961
3843702
3816418
4039390
759893
4122536
4824764
4808793
4953555
4935496
5144262
5133287
5096029
5122934
5069873
4966303
4897741
5074824
5571937
4547966
4559214
4561090
4577966
4587669
4596318
4377330
4409403
4409961
4505523
4496606
4392167
4395392
4727902
4733526
4756507
4240672
4242148
4262678
4691834
4177767
4179048
4091407
4270811
4633614
4634113
4378260
5204707
5281710
5288318
5317302
5661994
5627649
5620331
5599445
5600097
5477565
5479029
5417015
5451913
5714303
5526908
5511972
5531776
5643558
5646567
5802056
5760541
5783342
5972563
5968105
5992353
5984621
5926028
5867897
5949212
6021146
304747
2766897
2756332
2783371
2695907
2707897
2717031
2688663
2905539
2533037
1099828
1046937
3206683
3358488
3358489
3478240
3486378
1575220
1741742
1499190
1653277
119570
114050
44366
85900
432414
439166
441129
4027600
3974104
3971433
3618632
3849863
4104849
4106148
4110153
1190642
5122903
5259941
4544183
4377498
4733463
4380981
5202484
5205288
5214221
5678887
5445801
5550164
5877923
5939786
5959499
2763816
437375
433153
436470
441131
3953392
4854567
4455031
4308695
2723094
2832630
3121544
3583415
3920459
3688351
4048834
745573
5012660
5613008
5615844
5616157
5481185
5642127
5610106
5886031
2441130
2738599
2778999
2780053
2757559
2790925
2790941
2727373
2728315
2729353
2695417
2710564
2703311
2841729
2870929
2867777
2851861
2878132
2880501
2856423
2830837
2808235
2808480
2805765
2885810
2900768
2905462
2925624
2960666
2941357
2941679
2975579
2971005
2965874
3329488
3339363
3347682
3286956
3336335
3199907
3233337
3168894
3169219
3160612
3118308
3051515
3090859
3046016
3385878
3387353
3222907
3277415
3268202
3174593
3174939
3243590
3414747
3416882
3421248
3128651
3130907
3150998
3113925
3026910
3023288
3019305
3479747
3516923
60607
75001
225740
104220
436173
227465
61187
3606845
3560127
3614593
3536148
4026026
3999969
4017872
3983568
3990116
4029220
4030248
4031779
3976233
3972659
3772440
3798216
3677899
3700059
3632314
3646142
3959009
3859219
3863621
3876321
3877397
3726135
3727075
3729122
3711154
3713864
3527421
3682600
3683919
3703195
3704015
3706786
3521649
3834513
3821259
3821839
3824837
3827673
3578778
4067837
4059006
4061623
4077931
870515
843945
844114
759838
859197
4170771
4135027
4135228
4118189
4120961
4096749
4110642
4110668
4769107
4936995
4862123
4865627
4876791
4975727
5160680
5141778
5135875
5097715
5120063
5028155
4982721
5017469
4893690
4911387
4898496
4899817
4745694
5007053
5015167
4404199
4472330
4922098
4989292
5312416
3072656
5244517
5254389
4598616
5253678
4573027
4548293
4550168
4562570
4540954
4543392
4532861
4464730
4436605
4429835
4426162
4410266
4516616
4486009
4490523
4483822
4755856
4713049
4717000
4758165
4703028
4696865
4203069
4229390
4254514
4148553
4680136
4643031
4221581
4213110
4089660
4266230
4280463
4314901
4631463
4605480
4635762
4636308
4622171
4327022
4329510
4330422
4332633
4343637
4336270
4347661
5181236
5189510
5201506
5203249
5186723
5230327
5240147
5317053
5677770
5708925
5684666
5617974
5620232
5560425
5585040
5635210
5595728
5396895
5397241
5479773
5486521
5413744
5414923
5417051
5385543
5386786
5421787
5408550
5410214
5333888
5327889
5717816
5741413
5464603
5273454
5532306
5532705
5550538
5365823
5249543
5580766
5451293
5855500
5845086
5831671
5832457
5850402
5884490
5884995
5780051
5822438
5972561
5972837
5968467
5813618
5988572
5914707
5876699
5961798
5954151
2833078
2833125
2955027
2936179
2943410
2980191
2976679
2969510
2966716
1904556
1020610
744016
3331605
3333400
3333684
3221458
3221475
3221491
3221636
3221724
3221810
3215250
3236174
3183220
3183250
3183263
3198998
3045630
3072099
3072258
3122381
3367422
3372172
3374131
3353793
3354740
3394643
3254305
3254577
3447705
3435590
3127840
3137698
3137708
3137897
3137982
3138086
3138209
3138232
3138233
3138408
3139095
2991571
2994505
2994567
3001516
3028513
3022059
3479077
3483120
3464725
1474344
260997
3571951
4024296
3768817
3682075
3688437
3689985
3546724
3624777
3914738
3913432
3868320
3885546
3887459
3735651
3736769
3738279
3522787
3687951
3706669
3741082
3229666
3229917
3231681
3231859
3142565
4173721
4816864
4839787
4778574
4938474
4869026
4870442
4875448
4950736
4856781
4858139
4859290
4927195
5158289
5158561
5108825
5097687
5090523
4999255
4785664
4922944
4923591
4854597
5368596
5256749
5369877
3072328
3073387
3075589
4575675
4564075
4430834
4441106
4441527
4443032
4445181
4453149
4453249
4447883
4506328
4508217
4509577
4504105
4393436
4414388
4415560
4417043
4417266
4718562
4732915
4201415
4201553
4227318
4229528
4682888
4682983
4640123
4213057
4087360
4208445
4209614
4209759
4210859
4210880
4211738
4272407
4272817
4290544
4298642
4301326
4266493
4267220
4307553
4308272
4308999
4626603
4632837
4637371
4208250
5197018
5290836
5696736
5653622
5607414
5607425
5636808
5616444
5616478
5617402
5617761
5612992
5447772
5470802
5476794
5415565
5323045
5343819
5344815
5347409
5744918
5752397
5752405
5729176
5729890
5732496
5737166
5736001
5541726
5464497
5468417
5468963
5547631
5407148
5882284
6051805
2740552
2843737
2936184
1575706
1576176
1576867
1693026
303403
284207
433085
440088
4727347
5234235
305126
2767786
2777955
2779298
2734060
2693597
2695188
2696307
2706745
2703421
2703832
2715445
2717027
2686767
2853341
2816945
2822143
2822996
2904088
2933958
2937521
2978805
2103243
1096058
1019318
1089927
3293652
3293922
3286556
3336626
3202362
3184096
3184903
3362890
3381420
3222589
3225830
3277408
3277478
3421931
3414014
3411650
3413722
3155190
3002630
3478483
3495794
1538710
1575317
1575343
1575810
1576609
1647633
1649004
1649279
1718476
1740203
305746
86422
88253
105071
105906
486570
437594
432415
434507
438227
438769
464442
227579
3602310
3594417
4025842
4001698
3973696
3973965
3977638
3780802
3785139
3775518
3669264
3629502
3955518
3956988
3964186
3921024
3903519
3806173
4061186
4172516
4141622
4146625
4119636
4120406
4120982
4815898
4816097
4857643
4860268
5161120
5147741
5110263
5085405
5088660
5089547
5069099
4785722
5074866
4519730
5372387
2684165
4572185
4552391
4554126
4557718
4434160
4436051
4375858
4410087
4394767
4395837
4734616
4739896
4149919
4665788
4689519
4641917
4215263
4191952
4193698
4090496
4296071
4083323
4614437
4327592
4325486
4380682
4387333
5184096
5290959
5692350
5660063
5660542
5707990
5688037
5494006
5495843
5490961
5388092
5380530
5326864
5630378
5273337
5564724
5267934
5265766
5785514
5882249
6031797
6039862
6035089
5876882
5871956
5965062
6011564
2369914
2666119
2540684
2683361
2468430
2451684
2462044
2771105
2775663
2781651
2746894
2747314
2749006
2754973
2755931
2760696
2762396
2764030
2790861
2792117
2745225
2746033
2746352
2746573
2746772
2718095
2724784
2725975
2729149
2693740
2698737
2706093
2707433
2707710
2708784
2709157
2709882
2701642
2704173
2712415
2713259
2713852
2715114
2715755
2689056
2689077
2690290
2685047
2686393
2844834
2845510
2868346
2860147
2860587
2828670
2815866
2804312
2804449
2805564
2806855
2822180
2823036
2889866
2898100
2923887
2925236
2925281
2919886
2523652
2936183
2937509
2952562
2967992
2963761
2079306
2299498
2204485
1952832
656539
1245006
1017863
1017971
1211066
3329496
3334415
3340922
3347791
3351363
3307116
3286871
3287064
3325423
3334550
3200817
3202612
3203003
3219362
3214528
3206623
3234091
3237172
3164312
3086018
3032469
3093402
3045974
3046301
3066955
3362258
3372190
3372428
3374721
3356096
3391404
3395425
3315685
3222785
3222797
3222866
3223873
3226183
3226454
3226558
3226955
3277533
3269335
3238256
3239821
3174459
3247907
3458941
3445789
3410230
3105969
3106090
3106850
3127823
3149921
3156907
3113860
3114566
3056656
2997070
3472739
3494202
3489363
2434136
1495447
1483150
1536499
1575372
1575515
1575717
1609772
1670834
1659848
1657891
1750907
216893
79811
13207
73786
267687
103905
103991
91042
92067
227260
227673
3561711
3567306
3531983
4021254
4024330
4026153
4003582
4015320
4019724
3982706
4028196
4028952
3975253
3969743
3767611
3768969
3772127
3763733
3766193
3748389
3787502
3788285
3675063
3678319
3680559
3681659
3698349
3701215
3663628
3663865
3659759
3621092
3922203
3922684
3925656
3955282
3955464
3963345
3930201
3931012
3946603
3916236
3918614
3919293
3912699
3888977
3895574
3860274
3864715
3850553
3865590
3866358
3866777
3731561
3525016
3705920
3845343
3846095
3812455
3813033
3831410
3799551
3799622
3801781
4054670
4055155
4038111
4039691
4060864
4061202
4063709
4033917
4077069
4074688
3148084
3280350
3308843
923437
923517
924049
926922
759446
844540
637901
983521
4104406
4106156
4169686
4170472
4174459
4138256
4141711
4164584
4120531
4093587
4094609
4825469
4826563
4809212
4791765
4812639
4955883
4882023
4939885
4858540
5139877
5145439
5155080
5045398
5079423
5083378
5119078
5092981
5093887
5084486
5085173
5089393
5069860
5071028
5073362
5058371
4968639
5023282
4980867
4982331
4982459
5012075
5000275
4990690
4983461
4892052
4892899
4896086
4902113
4898500
4747085
4727059
4960376
5061075
4526881
4405724
4517936
4518059
4471040
4921384
4988241
4796815
5313119
3179752
4419580
4370356
4205602
5261327
5264445
4531411
4598248
5253827
5536227
5573001
4547613
4548453
4559086
4562106
4580164
4582593
4595581
4465010
4465129
4433941
4435418
4430279
4377829
4475479
4447213
4447854
4500646
4501290
4502617
4503497
4494783
4498274
4395697
4417562
4363530
4739073
4728726
4729807
4731427
4731892
4763572
4766345
4698604
4199845
4200012
4250625
4650160
4676544
4671478
4639555
4218989
4220618
4213411
4178975
4195049
4156183
4156357
4183259
4184507
4208573
4211067
4191468
4273760
4278820
4284642
4288003
4289733
4297249
4266501
4268535
4280133
4282959
4284586
4616847
4618017
4618379
4618421
4626638
4630895
4630919
4631164
4608783
4614721
4623302
4328716
4331870
4336254
4339279
4320435
4316992
4206827
4381215
4383802
4386259
4388615
4389175
5205394
5206703
5199757
5229638
5234720
5316235
5286083
5214882
5690151
5603843
5604140
5626680
5618162
5599434
5582601
5634946
5438258
5396490
5469317
5478249
5479703
5494264
5494530
5498835
5416309
5385164
5393564
5422325
5424116
5458528
5382150
5333238
5322968
5330648
5346726
5347264
5722941
5743284
5746042
5752939
5729375
5733656
5755745
5542992
5515276
5519603
5528040
5529500
5509719
5509840
5511612
5275099
5588928
5590185
5548847
5307914
5403440
5252022
5265735
5580806
5829336
5794708
5795484
5859768
5862053
5763442
5786810
5892208
5834800
5805839
5847515
5896767
5839134
5995517
5970861
5937232
5813894
6048560
5997533
5999849
5981739
6027536
6028470
6049980
5947654
5928522
5916643
5886613
5890928
5921722
5871097
5953555
6017302
6026810
2766443
2755842
2702638
2845278
2863420
2863469
2857402
2860114
2832620
2832832
2833123
2835405
2808699
2804564
2820678
2901590
2926673
2923663
2925264
2913101
2956772
2937434
2942120
2976712
2976862
2976879
2969429
2963772
2964385
2966765
1904648
1918677
1131762
789246
3333393
3333687
3333800
3339411
3305606
3306168
3291944
3292037
3292110
3292396
3285410
3289001
3191285
3202271
3183278
3183337
3183338
3168080
3162280
3162328
3085445
3120780
3044300
3044413
3044415
3365944
3367230
3369867
3378526
3381353
3385058
3396347
3398086
3399905
3401861
3392555
3395041
3387403
3388580
3223258
3173236
3266792
3251586
3425384
3425707
3415682
3416795
3429178
3431409
3413464
3453009
3449235
3132238
3132771
3132788
3132806
3133020
3133100
3063621
3138417
3139072
3150142
3150547
3058178
3058525
2990957
2991969
3004318
3001922
2985216
3028712
3022089
3480365
3463507
3464491
3506644
3506759
3507332
3476188
3512379
3514818
3486048
1657820
1749613
1554624
273698
60213
7850
92273
105049
106384
106462
84380
84858
431316
433844
61757
3634322
3635501
3589482
3590066
3592218
3593303
3614130
3568866
3570640
3540813
3583925
4001455
4001649
4002706
3981012
4008985
4027030
4031765
3969652
3551385
3723710
3760420
3794712
3776483
3779212
3671242
3675559
3700438
3661950
3693983
3547041
3547479
3630606
3654916
3643882
3644006
3938185
3941936
3926410
3967207
3931890
3932905
3933587
3947599
3952641
3917957
3918954
3920856
3861669
3862008
3862934
3903544
3881680
3904465
3906357
3714136
3706064
3706129
3519655
3577015
3578148
3650641
3652520
3843697
3807705
3834859
3815914
3820762
3821846
3826446
3814875
4066324
4069572
4036420
4059581
4034278
3229729
3229793
3230224
3143440
890785
806550
840662
840757
841708
841856
842550
842603
843126
843402
843809
843983
844053
744674
981286
844558
1036514
4171393
4174525
4139788
4141464
4132981
4165137
4166833
4119581
4094098
4096009
4098371
4098661
4849817
4807449
4816147
4817351
4777657
4954479
4958358
4932436
4933389
4936279
4867673
4870248
4870417
4948994
4951032
4930582
4931563
5106566
5116477
5117610
5097120
5092207
5094058
5094938
5067468
5027243
4967197
5026454
5026475
5014607
5003096
5003594
4912866
4837960
4787237
4748241
4724399
5006712
5003889
4402969
4525089
4783312
4920973
4990500
3072296
3073310
3134171
3134513
4205234
4559150
4560546
4560673
4562437
4563252
4538598
4580357
4581435
4590105
4591379
4567781
4568191
4568354
4592751
4594731
4595274
4434004
4429036
4432679
4445059
4377504
4514937
4445675
4491076
4505761
4494043
4494335
4414336
4414915
4415654
4415674
4417205
4360483
4364572
4737662
4753917
4753947
4713535
4728240
4728265
4759250
4742398
4743232
4203134
4240173
4240421
4241816
4241871
4249936
4251784
4245277
4259330
4079808
4079940
4683333
4651334
4675015
4678431
4679021
4672764
4639734
4214697
4216967
4217254
4177205
4193240
4158064
4158217
4087660
4184015
4184168
4211233
4190929
4288499
4294256
4296975
4303143
4268676
4305851
4306513
4307510
4309057
4280650
4310187
4615127
4626667
4631379
4608523
4638337
4367581
4367748
4330981
4344577
4350344
4318226
4207169
5181475
5191679
5204899
5196921
5278768
5292381
5293144
5315788
5315947
5319881
5680909
5698667
5706950
5709623
5711401
5654697
5602311
5606315
5638192
5615950
5400675
5401653
5469499
5474978
5483130
5497069
5486439
5487165
5491416
5502464
5413508
5414084
5388781
5456895
5335848
5337267
5361819
5322886
5328901
5346300
5347328
5299009
5719608
5729007
5757787
5737683
5734079
5734705
5630591
5516565
5522281
5441096
5531837
5564096
5564206
5566126
5579656
5642093
5610643
5308837
5310654
5377087
5351903
5364270
5250573
5265380
5575165
5492123
5787271
5852730
5857851
5762176
5805659
5821407
5866300
5866636
5968209
5969732
6004384
5909815
5909846
5911665
5790901
6056093
6046651
5998891
6052364
6053487
6033011
6033905
6033932
6035663
5941428
5874855
5875615
5876333
5876842
5949618
6011020
1576201
2381682
2494057
2761598
2744334
2936243
2294167
1068199
3447803
1575307
1575710
1635002
1637220
1637439
419969
331153
332377
4003333
3987126
3655702
3622398
4264190
4327485
5816457
2369986
2615543
2419733
2742106
2775597
2756532
2759480
2783524
2746708
2709517
2704404
2690380
2841676
2836132
2837638
2869074
2848855
2823986
2828627
2888841
2892036
2905388
2905671
2930007
2911787
2911868
2909032
2955666
2935673
2937557
2979668
2971932
2977618
2968540
2969223
2969434
2965200
1934600
1956054
2145717
2149825
1271725
1053736
1041472
3342903
3350691
3292763
3288126
3187032
3211272
3212662
3214324
3206676
3209177
3165533
3168497
3194210
3160044
3097264
3097333
3100337
3042119
3049931
3053751
3047103
3125509
3357567
3360750
3361208
3366866
3368235
3370540
3370609
3378392
3398940
3403493
3226113
3277249
3271496
3170929
3171076
3174572
3265365
3248127
3251120
3260864
3426066
3417175
3429168
3444408
3437859
3437932
3106532
3060281
3150259
3151962
3104120
3002821
3003113
3001635
3029250
3009346
3478209
3483017
3485216
3465290
3469004
3501935
3502654
3471694
2433295
1480473
1536355
1537222
1537912
1538195
1599480
1601748
1609098
1737161
1737195
261959
103981
109720
94194
105828
84333
84515
84857
86028
436923
437926
439140
440031
441089
3634652
3559422
3561654
3562071
3592625
3592705
3594000
3614812
3615182
3615290
3568464
3530392
3532912
3533712
3542016
3542034
4021648
4022859
4013378
3983222
3983334
3983441
3995663
3998312
3999137
3987729
4006943
4010643
4031691
3973754
3976811
3977129
3977695
3973201
3752013
3752328
3754470
3755523
3757161
3767366
3771319
3772516
3718901
3761080
3745831
3747925
3785538
3794205
3668121
3674559
3677664
3699613
3701814
3666302
3690392
3625958
3628388
3632180
3632481
3621369
3623602
3923514
3924704
3927983
3956869
3958750
3958835
3959813
3965517
3966356
3930184
3946349
3952271
3917410
3918149
3861635
3864969
3878551
3849957
3856211
3904294
3865928
3872201
3888315
3708134
3736990
3524634
3526983
3702279
3576350
3807672
3811760
3812527
3833733
3818428
3823624
3824227
4053730
4038073
4048011
4049691
4059598
4061449
4062105
4032983
4035499
3144990
3177431
3144675
558810
794633
841370
842983
843360
843572
730310
858557
858764
844498
844537
844543
4100863
4169921
4175496
4176280
4134822
4166277
4094106
4823621
4826495
4775242
4828462
4829339
4830937
4845984
4850166
4839024
4839499
4776219
4884001
4863174
4876036
4952591
4928498
5104808
5106881
5106895
5126398
5146441
5132262
5111697
5042392
5077896
5080229
5095324
5065198
5085378
5027173
5028029
5024995
5025601
5036852
4983257
5012335
5013102
4991911
4984903
4901509
4902059
4903068
4903787
4904536
4800415
4725728
4472274
4919641
4923975
4924318
5314978
5372701
3076578
3134266
4091949
4205853
5261730
5245071
5245259
5152355
5259984
5258666
4701060
4693665
5217566
5571046
4574621
4546363
4559650
4563101
4563581
4577246
4582268
4554181
4535304
4596783
4468555
4470319
4432981
4434691
4437423
4429203
4430777
4431569
4462876
4463875
4377570
4453026
4454063
4423000
4517077
4449992
4451562
4506825
4499153
4501464
4501948
4503045
4496329
4496431
4497556
4736168
4751050
4716128
4729014
4763665
4764270
4768534
4760603
4709604
4711095
4742108
4242011
4253628
4260873
4261107
4263617
4149092
4080965
4081636
4683091
4684462
4685410
4662330
4665998
4677973
4678470
4669668
4640655
4657809
4657826
4179607
4086949
4090228
4187300
4209762
4212350
4188660
4152400
4285569
4294862
4301851
4302743
4305296
4305746
4278951
4283832
4619521
4632291
4603794
4633637
4600494
4328062
4329102
4358838
4340819
4343864
4348639
4323385
4319711
4315496
4315625
4315817
4206666
4379061
4388549
4388989
4390120
5182905
5192084
5201528
5183664
5277668
5239579
5291492
5224563
5207905
5209613
5210549
5211588
5315553
5315807
5283377
5287390
5213493
5214064
5696783
5699174
5690511
5691362
5659716
5707838
5654534
5674034
5652316
5685740
5602294
5638064
5639578
5600907
5630907
5592555
5438419
5396396
5448772
5473304
5482554
5485696
5476075
5476825
5486570
5500477
5414827
5417838
5386538
5388240
5423322
5460571
5412997
5384778
5451784
5455255
5336433
5325212
5325967
5343877
5349876
5350254
5718769
5718835
5720666
5722471
5726572
5726886
5726984
5727827
5728987
5729277
5540254
5467679
5468085
5468597
5275222
5276268
5461985
5565213
5588894
5589145
5608641
5647216
5377550
5405783
5247385
5263885
5266838
5491800
5835398
5683999
5767248
5771557
5852526
5801949
5860467
5762007
5762067
5785593
5877795
5832451
5832832
5805812
5806164
5849701
5776169
5864732
5936409
5968844
5904444
6055273
6055902
6057094
6048008
6000692
5989718
5992276
6053434
6039398
6032830
6034217
6037789
5916242
5918098
5919843
5940795
5871805
5986604
5951852
5953882
6015411
6061637
2396676
2463601
2768579
2770797
2738750
2772713
2777192
2749439
2749615
2750098
2750371
2754807
2755729
2763137
2782212
2782394
2784369
2718997
2719153
2719507
2720166
2722195
2722274
2730491
2730783
2733009
2734349
2736555
2727612
2727623
2729242
2694298
2695405
2696078
2697117
2697273
2706716
2707025
2709616
2710713
2702238
2703790
2703857
2712227
2715155
2715329
2876757
2796141
2798958
2830546
2814753
2804376
2804817
2807487
2819254
2820790
2822997
2823010
2799971
2889523
2894193
2884412
2886708
2904085
2904122
2904783
2904883
2929908
2930008
2439024
2079354
2063331
1984310
2293736
1819524
2123989
2035926
993549
1004561
1220608
1213240
1333872
775895
741524
3329333
3329553
3329598
3332650
3347821
3348709
3297480
3292637
3295120
3286862
3287114
3287785
3324891
3200182
3195666
3198353
3162122
3116578
3123237
3358675
3363964
3379508
3377537
3396118
3315479
3222834
3267960
3269406
3242575
3245052
3260911
3422504
3426665
3427527
3416900
3448457
3128664
3148620
3152531
3114903
2990293
2993050
3479012
3481008
3486761
3488822
2470920
1420435
1575407
1575812
1576025
1576150
1576689
1576946
1576997
1577390
1577541
1577544
1577839
1578175
1578519
1578521
1578595
1425395
1431715
1476812
1636554
1671560
1651922
1659857
1663043
1640510
1754741
1754861
1756952
1553687
1586501
1355853
351530
429525
430627
302109
212957
221996
59809
30986
100211
119569
119610
113754
113820
90372
91413
105168
496162
439293
442255
226965
3607059
3609752
3562380
3611333
3617705
4022014
4023349
4005019
3982826
4006828
4010116
4027672
3977005
3751893
3554648
3747902
3786526
3779077
3669978
3693589
3694753
3627140
3644352
3923153
3923491
3956647
3959302
3960049
3962001
3965695
3967381
3929897
3917568
3913382
3953436
3888971
3891245
3892668
3893325
3896147
3876516
3877653
3867704
3881596
3882303
3704422
3742969
3743326
3650838
3844389
3809054
3802784
3824569
4052800
4069381
4036145
4038659
4040673
4050036
4058577
4034203
4073355
4073923
4074120
4074329
4074398
3308800
3309001
912289
826952
784337
835432
794971
924163
926358
759908
615087
1642693
1037716
2173429
4173428
4174395
4142276
4143551
4147909
4117528
4123283
4097343
4097672
4107608
4822665
4807765
4817177
4778747
4813641
4939081
4939254
4860548
5160814
5162857
5123947
5142217
5042325
5043564
5043847
5122893
5092595
5094863
5070697
5071388
4902995
4904087
4901138
4800353
4963519
5074477
4399525
4396917
4908127
4919071
4920773
4987924
4906987
5315056
5257791
5294103
3192426
4205743
5248569
4545763
4551338
4554017
4557485
4557731
4588339
4596795
4464287
4434679
4464212
4376093
4474658
4445539
4447335
4450099
4485712
4488588
4505063
4503554
4734290
4710351
4236435
4253051
4260231
4263640
4265473
4649639
4678595
4689164
4640245
4181661
4286282
4289761
4615788
4616168
4603553
4327715
4355391
4378726
4378791
4381391
4387270
4387568
4387650
4388966
5186240
5232642
5212416
5215449
5682090
5700160
5619689
5583455
5584861
5473591
5505737
5416334
5423058
5423276
5326826
5330816
5331246
5358081
5727231
5754707
5734092
5544339
5509106
5466443
5668066
5564930
5555994
5587679
5588535
5589140
5307136
5352937
5272520
5251362
5580216
5816619
5817550
5861442
5782678
5835247
5809087
5774456
5970310
5925602
5942984
5919980
5870224
5958174
2354621
2464592
2465143
2765804
2737091
2777937
2780349
2781854
2747475
2748820
2751829
2753824
2754909
2758461
2758879
2763459
2764731
2785280
2790596
2790943
2792175
2792664
2743398
2745724
2720289
2722798
2731786
2732251
2733539
2733778
2735408
2726097
2692837
2693572
2694583
2695784
2697520
2707454
2701939
2702908
2704346
2712012
2714471
2715650
2691185
2691566
2686044
2841780
2841789
2847542
2870448
2872435
2875253
2875326
2835971
2863317
2867801
2868194
2869052
2869623
2860101
2879960
2881174
2881373
2856324
2854147
2797411
2799464
2823923
2824629
2825051
2827432
2828858
2829927
2832443
2832452
2834035
2835390
2815894
2816635
2817727
2808218
2808238
2808450
2808479
2808642
2808661
2803601
2804354
2804512
2804659
2804971
2805740
2806697
2807510
2820950
2821978
2822562
2822995
2799893
2799970
2801735
2890917
2893566
2893669
2893734
2894007
2894140
2894153
2882306
2883493
2905397
2905571
2905576
2906028
2894899
2894963
2896321
2898901
2899076
2899506
2926683
2926690
2927097
2928432
2929414
2929419
2929893
2929921
2930198
2920801
2920967
2921120
2923034
2923381
2925632
2917862
2914544
2909505
2482379
2437426
2511244
2956143
2957495
2959282
2934318
2937433
2941384
2941469
2941503
2978319
2978592
2978963
2979522
2981351
2947512
2949548
2976546
2978196
2964582
2965189
2965273
2818888
2066633
2038448
2344809
2345512
1905451
1871424
2296996
1834431
1920611
2149167
1881887
1882001
2056570
1182985
1244727
1098585
1086962
1143299
1156281
1042725
1206324
1225667
1315964
1047153
1072824
742523
3328827
3329342
3334276
3334387
3341478
3344151
3348372
3349884
3351197
3297015
3297206
3297733
3300004
3291565
3292766
3294688
3285335
3285802
3287021
3336835
3337199
3318339
3187055
3187427
3191621
3201398
3203794
3217494
3222020
3212643
3212644
3213772
3214131
3214535
3215851
3206656
3209499
3232750
3234813
3181635
3186391
3168428
3168897
3158495
3160107
3160164
3161465
3098104
3037435
3040868
3041821
3042411
3117530
3118067
3118873
3032976
3050197
3052592
3053105
3089557
3090704
3092826
3044439
3045987
3046856
3046870
3069016
3069832
3124361
3357810
3358725
3359086
3361638
3361798
3361854
3364013
3378966
3381619
3382528
3383183
3383659
3385516
3374727
3377578
3353101
3353449
3356433
3356446
3357076
3403727
3404009
3405626
3406514
3407062
3391743
3394196
3387173
3387320
3387345
3222651
3222890
3223059
3223093
3223237
3223364
3223871
3226167
3227273
3274863
3277390
3268198
3268469
3268481
3238160
3238171
3239826
3239993
3169783
3171066
3171879
3171989
3174466
3174881
3247975
3249152
3249155
3250295
3251703
3252753
3253445
3244535
3247052
3421962
3414375
3415645
3417251
3417342
3417677
3420346
3420980
3432492
3434003
3434355
3443626
3446850
3448910
3408601
3409421
3411613
3436804
3436811
3437971
3438822
3441189
3452451
3453429
3454623
3312364
3450010
3450608
3106453
3130124
3132403
3062508
3151078
3102236
3104744
3104757
3104838
3080218
2991559
2993546
2995032
3003102
2997492
2989312
3026393
3009218
3480736
3481433
3485070
3462785
3463547
3463628
3465246
3505486
3506877
3470952
3512637
3515280
3515712
3516640
3516807
3490462
3490877
3491199
1395542
1384618
1537936
1516097
1597440
1600517
1601623
1608991
1609161
1609253
1637877
1646070
1647711
1659851
1748992
1736636
1689690
1740336
1564463
1546559
1653751
1704281
394002
429196
300033
219361
220733
132607
79507
60345
75007
244737
229189
229218
229249
229592
239597
224425
103495
92107
106665
45849
84284
84368
84443
437181
431236
432862
434452
434596
436021
438261
282885
323406
227274
227346
61417
61443
3636540
3636738
3638284
3603708
3603997
3604032
3605470
3608345
3562475
3596785
3596918
3602576
3610990
3612049
3612678
3613125
3613279
3615076
3571155
3531893
3535782
3542850
3543440
3583993
3584269
4021192
4023437
4024525
4024600
4001408
4003772
4013201
4014619
4015758
3994863
3996407
3997206
3987913
3988393
3989423
3990043
3990880
4007884
4008519
4009848
4027916
4030487
3750817
3751515
3758334
3551813
3551986
3556297
3767222
3774830
3762191
3762689
3765395
3766130
3747035
3747503
3749964
3786171
3790601
3793888
3776389
3777350
3670845
3673444
3676407
3676752
3677644
3700129
3663709
3667476
3690124
3693095
3694482
3550309
3627753
3632008
3654369
3654886
3660087
3643911
3646829
3618988
3619859
3621352
3623025
3624074
3941796
3944200
3922714
3923618
3924165
3925557
3926370
3926959
3927925
3955881
3959526
3960298
3961620
3964025
3965079
3933275
3935862
3951461
3915606
3916349
3920983
3908698
3913587
3891088
3892224
3892727
3894902
3860887
3863588
3864420
3865086
3875516
3876323
3876690
3878896
3879937
3855986
3900575
3903067
3880927
3885067
3886697
3905121
3905434
3726125
3729758
3711732
3713887
3714442
3716182
3733175
3733971
3738683
3683333
3686587
3703048
3703713
3520523
3653939
3843303
3844861
3831997
3816184
3818030
3821182
3821787
3822271
3801822
3823061
3824882
3827655
3839076
3580234
3581558
3813988
3814930
3814992
3815033
4054025
4054087
4068256
4068625
4047825
4049219
4049767
4059485
4062968
4032608
3147356
3177580
3229467
3230628
3279261
3279344
3141498
3144186
3311385
528040
518357
870103
806240
807480
841434
843281
843732
843911
844163
923438
929100
822358
759451
759538
756856
757129
757208
554899
980881
982639
862349
862601
876389
877005
875997
571140
1540623
4104388
4171949
4135941
4141218
4141441
4128660
4134068
4134263
4141938
4163340
4166225
4166424
4126115
4126165
4094029
4096714
4107403
4110927
4821056
4822506
4823067
4823587
4826959
4771114
4772468
4830143
4830925
4831787
4832718
4844957
4849098
4849509
4805073
4806383
4808594
4815447
4819786
4820716
4839172
4842209
4793602
4811539
4814062
4955335
4934730
4935507
4935893
4936391
4881645
4882590
4884321
4886117
4938754
4941272
4862337
4863811
4867037
4868294
4868423
4869111
4873179
4873657
4879013
4947147
4948538
4857455
4860445
4861630
4927134
4929347
4931396
5104375
5108528
4972062
4977421
5161510
5162396
5162400
5162667
5162904
5125353
5126579
5127656
5140869
5141427
5143492
5148412
5153495
5154352
5158258
5132871
5134520
5135436
5109688
5109882
5111559
5112623
5112756
5114496
5098889
5101474
5042501
5045250
5078336
5078449
5083759
5083780
5051868
5053788
5053888
5121062
5090995
5092131
5094127
5066875
5084567
5086071
5086129
5087730
5088049
5088063
5069508
5070014
5070694
5071938
5058193
5059081
4967119
5023456
5036398
5036403
5036437
4978010
4978050
4979938
4981183
4982926
5011556
5014592
5000152
5001046
5002991
5018713
5018951
5019209
4993029
4984968
4985080
4893548
4894769
4894904
4902741
4902785
4903170
4904357
4836429
4898458
4899436
4900875
4801282
4803584
4785312
4788700
4724006
4724949
4726300
4726824
4962474
4996587
5076684
4915115
4917674
4917791
5007237
5048409
4403594
4404201
4404214
4404710
4526928
4406606
4397341
4397785
4397820
4397930
4530065
4473677
4474198
4946342
4908829
4783120
4920150
4923786
4926187
4926371
4854632
4988576
4907078
4797387
4889919
4890333
4852936
4852989
4853286
4853330
4723235
4789727
5369315
5256838
5256912
5257706
3178763
3072825
3073580
3076636
3192423
3193504
3134280
4419673
4370304
4205453
5261071
5113643
5113824
5244314
5244480
5264851
5258560
5258739
4701163
4693265
4718948
4531729
5216744
5249052
5253112
5534430
5539501
4545780
4546907
4548364
4548401
4549041
4549047
4559316
4560979
4561879
4561883
4561992
4542198
4544264
4581239
4551702
4552594
4533359
4534645
4535684
4585876
4586036
4567348
4567371
4592714
4594100
4465508
4467395
4468472
4436714
4426612
4429984
4430575
4430754
4430951
4432828
4459171
4460197
4460773
4463838
4439412
4439525
4439551
4443084
4444156
4444967
4375279
4376888
4474610
4476279
4409089
4409955
4410040
4513421
4513637
4515190
4515312
4516269
4447276
4450042
4450169
4451405
4487491
4487978
4490058
4490637
4491119
4504617
4504711
4507822
4499176
4492635
4493141
4494496
4495759
4394862
4394952
4395543
4415769
4480707
4482313
4482346
4483966
4733879
4734952
4735036
4735253
4736340
4736578
4738221
4750604
4754793
4755457
4713723
4728211
4756695
4758100
4758943
4702557
4702816
4740919
4743490
4744252
4238094
4239210
4239385
4230608
4235294
4243380
4244176
4257681
4262230
4265363
4265377
4150425
4151479
4078758
4080049
4684788
4645921
4651302
4674911
4676995
4679438
4670027
4671144
4690359
4691206
4691313
4640327
4641194
4651761
4656342
4218695
4221349
4223992
4213141
4177603
4180249
4180463
4193199
4195659
4156528
4159731
4088635
4090861
4091026
4186109
4186304
4208336
4208514
4208744
4187804
4189796
4191170
4154327
4272332
4275328
4275380
4277013
4278812
4285846
4286608
4293416
4295906
4303355
4265808
4267324
4304004
4304967
4305161
4306620
4280326
4282181
4084623
4617111
4617143
4618651
4618921
4629517
4629901
4603344
4606486
4611159
4635221
4636426
4636795
4636887
4637205
4621747
4622019
4622053
4521508
4523141
4523307
4601642
4329014
4330544
4330713
4332761
4354869
4356156
4356640
4334187
4334241
4336684
4336785
4339093
4325543
4326000
4317844
4318618
4319218
4317038
4256590
4380631
4382197
4385202
4386596
4388313
4388649
5172170
5172875
5181340
5181405
5181452
5182787
5189282
5190390
5204148
5204353
5165538
5168522
5169666
5199127
5199177
5229978
5230693
5232855
5276718
5235054
5235578
5236744
5240590
5289324
5226168
5226779
5211409
5211508
5304451
5316422
5316947
5212869
5214033
5215123
5215192
5700997
5677658
5677667
5695815
5697461
5688891
5690707
5692791
5661366
5662273
5711309
5657753
5658545
5653421
5686033
5604297
5623477
5623859
5624526
5626526
5626830
5627531
5641158
5621551
5621880
5560202
5613247
5599406
5584987
5630882
5632659
5632823
5635049
5592573
5592582
5594836
5438953
5396660
5397376
5402100
5445974
5475315
5507740
5480321
5484685
5476891
5477224
5478084
5479027
5494615
5496159
5496742
5487235
5487457
5487929
5489788
5491311
5499167
5499385
5500352
5500738
5501079
5502862
5413764
5415218
5415883
5416373
5386858
5386933
5388252
5419405
5421360
5421417
5461316
5412249
5412267
5382298
5382536
5382854
5428694
5453133
5453714
5453764
5333181
5336401
5323233
5323471
5325588
5327738
5338922
5341541
5342563
5345473
5346334
5346571
5346896
5349801
5350641
5218151
5218434
5218597
5219707
5299137
5717755
5720589
5743216
5744008
5745470
5748425
5748885
5751758
5711896
5724721
5724786
5730022
5731538
5732300
5753933
5755876
5738486
5740466
5735627
5629279
5629288
5630361
5541874
5542080
5542691
5515833
5516261
5518655
5519499
5511711
5514218
5523323
5466752
5468747
5441842
5444434
5274025
5275060
5275192
5275813
5531709
5566522
5567015
5567412
5578732
5557744
5557834
5558328
5587928
5588504
5590645
5641953
5610416
5610878
5551754
5308230
5378998
5351992
5404430
5374601
5149948
5364854
5271696
5271747
5272356
5272359
5262749
5250704
5250881
5267939
5268059
5268478
5268756
5251083
5552511
5552731
5574597
5520061
5451338
5767058
5768797
5769997
5770010
5771031
5771595
5771651
5851809
5852004
5852487
5852886
5802057
5802314
5793487
5793605
5795633
5795741
5857755
5858934
5859882
5859929
5861053
5861440
5758904
5763137
5784769
5785690
5878821
5899464
5899580
5899670
5894186
5846338
5831112
5833124
5834679
5805428
5808084
5809274
5882846
5883268
5772836
5773844
5775515
5894972
5895652
5898137
5778614
5778938
5821119
5863062
5866176
5992846
5993356
5993477
5994009
5995586
5996727
5973747
5934910
5935127
6004287
5909774
5911265
5900389
5900662
6056682
6056693
6059157
5813865
5813914
6043823
6044970
6049316
5997425
5999907
5999927
5987025
5992342
5980503
5982135
5983006
5984541
6028117
6032281
6032651
6050683
6054343
6039087
6039814
6040118
6041921
6033894
6035580
6036272
6037165
5928258
5928975
5918923
5941171
5942756
5885910
5886122
5887893
5888070
5888391
5888779
5890179
5920555
5920727
5921707
5923657
5923881
5925274
5872556
5876374
5877043
5877114
5877622
5867733
5868296
5962136
5963439
5959182
6009095
6009259
5955082
6009670
6011158
6012823
6015252
6017186
6017274
6024645
6026117
2747756
1578714
1578918
1636158
1639481
92084
437833
3846247
2380689
2769972
2741463
2779160
2760508
2720148
2712380
2822342
2123403
1883857
3344152
3174458
3432448
1575678
1575877
1575993
1577369
1577402
1578864
1635627
1636651
1639287
1771269
1705302
352045
331274
331593
44386
436902
433622
434043
434505
434745
454697
439044
3612282
4018861
3759301
3672166
3626371
3964885
3947866
3734844
3524808
3520461
4067468
4072039
3308892
937988
4979563
4984126
4581892
4556999
4592615
4469783
4376210
4496307
4221828
4221901
4083096
4615280
4635957
4349892
5360965
5832716
2369952
2370239
2371052
2401452
2394275
2666111
2498500
2557021
2636903
2640775
2616844
2468048
2419055
2450986
2427402
2428061
2430827
2432174
2440894
2420517
2765838
2766534
2766872
2767386
2767789
2767943
2769103
2771026
2771225
2772207
2736848
2736873
2737780
2737946
2738395
2739770
2740710
2740925
2741134
2741455
2741688
2742810
2772658
2776495
2776610
2778383
2778472
2778643
2780239
2780654
2781801
2747692
2747707
2747859
2748891
2748927
2749342
2749419
2749657
2749798
2750097
2750454
2750541
2752200
2752370
2753627
2753629
2756173
2756246
2756695
2756916
2761311
2761789
2764911
2782462
2786047
2786528
2788499
2788843
2789469
2789473
2789640
2789790
2790909
2792287
2792657
2743329
2743781
2744185
2744189
2744210
2744382
2745061
2745739
2746248
2746431
2746696
2717838
2718484
2718738
2719945
2720182
2720769
2721833
2722584
2732185
2733784
2734612
2735352
2735695
2735759
2735773
2736199
2724190
2725501
2725862
2725867
2726295
2726617
2726681
2726827
2727695
2728635
2728678
2728894
2729041
2693269
2693490
2695162
2695319
2695352
2696693
2697393
2697802
2698433
2706026
2706362
2709125
2709312
2709847
2710047
2710478
2700015
2700834
2701867
2703721
2703813
2705294
2712029
2712848
2713018
2713382
2713865
2714852
2715485
2715700
2715993
2688059
2688547
2689225
2689392
2689802
2689937
2689971
2692078
2692175
2685497
2685856
2686600
2687183
2687325
2845303
2846886
2847092
2847190
2847209
2847321
2870946
2873156
2873315
2876131
2836761
2836799
2837480
2838908
2840577
2865216
2865778
2867728
2868533
2868613
2868778
2869095
2869346
2869683
2847799
2848390
2848510
2850778
2850984
2851320
2851349
2851633
2852041
2852156
2852552
2859420
2860149
2860243
2860470
2860546
2862152
2878097
2878548
2878766
2879349
2856436
2854848
2854874
2794596
2795281
2795564
2798804
2798856
2799466
2799572
2825459
2826314
2827514
2829124
2830793
2830832
2834686
2835485
2814158
2815369
2815497
2817820
2808145
2808472
2808815
2803068
2803919
2804092
2804105
2804156
2804164
2804336
2804383
2804412
2804425
2804505
2804723
2804740
2804885
2805445
2805523
2805555
2805867
2806088
2806348
2806361
2806506
2819417
2820631
2820815
2821693
2822190
2822299
2822369
2822403
2822502
2822536
2822560
2822593
2822727
2822903
2800071
2800215
2801220
2801809
2802302
2802513
2889272
2889275
2890667
2892724
2893438
2893727
2893814
2882366
2882598
2882688
2900765
2901907
2904101
2904738
2904750
2904839
2904953
2905446
2905458
2905536
2905663
2895178
2897110
2898080
2899388
2899917
2926675
2926795
2928210
2929392
2929959
2931613
2921377
2923329
2923738
2923741
2925252
2919997
2912065
2913087
2913491
2915196
2909474
2911059
2911128
2519243
2525979
2955114
2955431
2959271
2933989
2934359
2935617
2935707
2935720
2936185
2936245
2937043
2940747
2941699
2942183
2943064
2978932
2948660
2950172
2950648
2953088
2976225
2969014
2962569
2962739
2963775
2963823
2964374
2964412
1325036
2079547
2079567
2079966
2045530
2020937
2001800
1982807
1983255
1999782
2344382
1887266
1846738
1834501
1815650
2103142
1948205
1814707
2023664
2023870
2024464
593382
608463
693973
1271903
1272477
1233860
1236302
1241831
1098173
1076923
992779
1059947
1159262
1008079
984294
984341
1042841
1018540
1019492
1011821
1029249
1183401
1183652
1227412
1298306
1299721
1327479
1308537
1045754
1047667
995763
996206
1101649
1056262
1092040
743831
754180
3328867
3329437
3329455
3329605
3329907
3331938
3334397
3334417
3341325
3343749
3344162
3346791
3347326
3347720
3347751
3347797
3347849
3348153
3348646
3349828
3350602
3350993
3303367
3305965
3306354
3307186
3307681
3297751
3299461
3301712
3291035
3291752
3295501
3286067
3286890
3286911
3286966
3287038
3287062
3287784
3287804
3288352
3288419
3334500
3334522
3334525
3336572
3336603
3338378
3339113
3322276
3186717
3187050
3189583
3191143
3199715
3201972
3202263
3203708
3204658
3212268
3212757
3213109
3214475
3214547
3214982
3215153
3215767
3206657
3207463
3208142
3235182
3235782
3237467
3181566
3184014
3184043
3164616
3165532
3194381
3194551
3158490
3161482
3161703
3094475
3095217
3118699
3118793
3118960
3121026
3121234
3030070
3030759
3031130
3033246
3033360
3035661
3049941
3051020
3051790
3052737
3090996
3043091
3043601
3045981
3065622
3065718
3065954
3066279
3069101
3123991
3125168
3357801
3359811
3359838
3360039
3360402
3360526
3361057
3362295
3362462
3363644
3366253
3369078
3369755
3378792
3380382
3380739
3381072
3382932
3383408
3383533
3371841
3372355
3376566
3351823
3351893
3351895
3352904
3356087
3356581
3397296
3402292
3403045
3404791
3405136
3405178
3405963
3393675
3395433
3387242
3389670
3314193
3314234
3314943
3315057
3315068
3315169
3315838
3222631
3222634
3222765
3222787
3222789
3222919
3222926
3222947
3223019
3223077
3223085
3223865
3226104
3226226
3226227
3226238
3274744
3276950
3277426
3277466
3277992
3278876
3268055
3269087
3269324
3269522
3270359
3271399
3271503
3272112
3272582
3241077
3170934
3171518
3171523
3173549
3174896
3174928
3262441
3262482
3266558
3266861
3266863
3249168
3249169
3251420
3251434
3251985
3256415
3244389
3244678
3258523
3260063
3260569
3261402
3261485
3261801
3455505
3457035
3457704
3457705
3458900
3460820
3422251
3422479
3424925
3414162
3417021
3417139
3417583
3418503
3419663
3419834
3419909
3420524
3429704
3429959
3431506
3431568
3431633
3432831
3433223
3433233
3434674
3443585
3443588
3446657
3447375
3447474
3448389
3448870
3412714
3435699
3436239
3436608
3438110
3439917
3440835
3441226
3313509
3450415
3450500
3105967
3106541
3107508
3109894
3130215
3060242
3062968
3064909
3135629
3135665
3149624
3149846
3104750
3104890
3105007
3155177
3157781
3078345
3079494
3080282
3080409
3115228
3115496
3115549
3056081
3056189
3015850
3016373
2990628
2991648
3005849
3006883
2998183
2988273
2988448
3008474
3022864
3477501
3482222
3484138
3462506
3463233
3464849
3465263
3467906
3500348
3501884
3508536
3472058
3476399
3513172
3513679
3513876
3516297
3495340
3497228
3490520
3490613
3491906
3517073
2413652
2468907
2424449
1494048
1494267
1494904
1494969
1495370
1495584
1502747
1503207
1535419
1539327
1542471
1575513
1597948
1598193
1577673
1578335
1579420
1579461
1601753
1608988
1612059
1425654
1428224
1444965
1445668
1440806
1635514
1637046
1637161
1680938
1669559
1659861
1659865
1640757
1657904
1747557
1748299
1750186
1751064
1682183
1735702
1555822
1586132
1448750
1701979
1665579
1698483
392164
393357
338519
291021
291036
291411
220736
221894
81123
60133
16947
25681
75412
29278
244738
227840
227974
227999
229116
229521
252073
255133
258755
226432
99918
87605
89569
91998
96353
97627
105166
105862
496755
502427
481374
445470
291789
294251
324608
308498
271426
48163
227276
227312
227420
227555
227646
227720
227729
61080
61112
61297
61319
61422
61523
3639245
3603834
3604009
3604512
3608138
3608301
3608428
3559808
3560325
3566094
3566338
3598109
3589669
3590004
3593097
3594744
3595204
3617314
3569422
3572956
3529163
3529941
3534563
3582222
3583309
3584536
4020065
4021283
4021623
4024278
4025006
4025723
4026317
3999558
3999728
4000670
4000874
4003843
4004196
4013484
4015118
4016502
4017301
3980366
3983348
3992690
3994238
3996090
3997087
3998881
3986478
3986813
3987756
3989153
3989450
3989987
3990845
3990929
3991989
4010361
4010469
4011015
4012033
4026920
4028051
4028361
4029236
4029811
4031846
3974236
3974463
3974977
3976218
3977401
3977622
3970099
3970524
3751188
3752590
3753132
3755620
3552570
3553375
3556061
3766256
3766574
3766930
3767401
3769416
3771517
3762390
3763441
3765821
3744120
3744803
3745807
3747499
3748145
3748300
3748310
3749547
3780601
3781375
3783157
3783477
3783926
3785689
3786501
3789017
3791059
3775587
3795246
3797324
3797961
3798811
3668818
3674869
3675699
3677158
3677626
3679794
3680426
3695569
3698560
3698816
3699598
3661204
3663614
3664149
3690074
3543694
3543850
3548299
3548312
3550291
3628155
3629387
3631565
3632077
3656969
3659263
3659348
3659439
3644466
3646350
3648322
3619344
3619688
3622408
3622683
3623932
3937331
3941367
3943185
3944048
3944256
3945045
3945406
3921501
3922725
3922923
3923246
3923550
3923996
3925397
3925635
3925806
3925961
3926296
3926420
3927146
3927621
3928310
3955321
3957009
3958407
3958827
3958933
3959351
3959976
3961546
3962428
3962658
3963367
3964032
3966332
3967002
3967742
3946580
3949188
3950614
3950969
3952123
3915234
3916579
3916586
3916911
3917432
3918679
3920074
3920101
3908036
3908707
3910753
3911650
3953769
3954254
3888935
3889871
3891385
3891983
3892302
3859989
3864735
3875374
3875732
3877579
3878874
3879333
3854579
3855684
3897186
3902620
3904008
3865969
3866862
3867169
3867592
3867707
3869191
3871461
3883085
3883095
3885380
3885398
3886905
3887034
3887651
3708329
3730659
3710164
3710282
3714805
3715188
3715201
3732972
3733782
3734801
3735178
3737420
3684964
3703005
3706607
3517937
3518647
3519082
3520337
3522108
3522538
3522617
3576153
3743132
3743311
3653067
3843163
3812865
3832079
3833767
3817787
3818406
3819769
3820521
3800097
3802214
3805398
3805866
3825277
3826186
3836871
3838943
3579871
3581406
3814078
3815269
4056270
4065625
4065885
4066443
4068406
4069349
4069457
4069483
4070142
4070896
4036285
4037533
4039724
4040047
4041172
4041413
4043012
4044762
4047083
4047510
4049646
4049850
4058700
4059499
4059653
4060250
4060684
4060953
4061424
4032666
4034684
4034789
4034796
4075771
4075847
4077231
4077233
4073610
4072765
3774894
3775062
3775454
3145566
3146923
3176023
3177321
3177666
3283592
3229052
3230395
3230511
3280018
3280084
3281499
3281554
3281742
3228086
548164
576438
913242
894975
900586
904452
805266
808433
808793
809201
790077
841699
843789
923389
925206
927587
927979
927983
922780
928422
929007
822255
759444
759578
759640
759769
632622
632679
633390
744124
598855
979017
980282
980302
951223
981118
981315
981905
982756
983092
859670
860130
867573
640995
691648
513075
2160783
2174974
4101302
4101690
4102354
4103194
4103832
4105091
4173086
4173116
4175898
4134456
4134793
4136847
4137574
4138187
4138973
4139925
4141398
4127453
4128182
4128512
4129823
4130863
4133764
4134403
4141582
4142843
4145168
4162985
4163771
4167116
4115563
4117499
4118139
4121970
4122729
4123569
4124698
4094050
4096866
4097512
4099181
4106702
4108818
4108965
4110137
4110955
4112169
4112239
1125524
1223907
1191092
4822857
4823595
4825304
4825715
4826704
4769419
4827697
4828109
4829900
4833540
4845321
4845355
4848826
4804706
4806014
4806318
4807621
4809009
4809860
4819695
4819845
4838876
4842836
4843391
4776254
4779029
4779124
4779266
4791033
4791603
4792553
4793173
4795312
4810459
4814067
4953849
4954730
4955182
4955859
4956689
4956982
4957045
4958257
4932670
4935721
4935739
4935830
4937177
4937773
4882071
4883953
4884442
4886365
4886714
4865235
4865384
4868419
4871821
4875965
4877769
4878446
4878730
4880052
4880154
4951221
4951988
4952049
4856259
4856876
4858109
4860927
4926488
5101914
5104864
5105326
5107773
5108047
4973503
4977532
5159171
5160126
5160935
5161325
5161368
5163273
5138082
5139072
5142513
5145805
5148806
5149057
5149170
5152787
5153401
5157143
5133483
5134475
5135736
5136928
5110282
5116438
5117245
5095566
5097182
5097593
5099152
5100010
5101163
5101311
5101453
5040741
5041515
5042627
5043002
5043649
5077572
5078377
5079355
5080390
5080397
5081039
5053108
5120165
5122386
5122431
5123110
5123141
5089937
5090012
5090596
5091295
5091828
5092318
5092404
5094529
5063468
5066156
5067613
5089207
5089471
5070032
5070903
5071214
5072904
5028237
5031329
4965457
4965716
4966648
4967938
4968512
4968992
4969956
4979852
4981349
4981745
4983274
5010957
5011538
5013174
5014649
4998616
5001208
5001505
5001804
5003218
5016895
5017125
4991302
4993506
4993772
4994599
4995182
4984011
4985269
4985798
4986571
4986837
4987134
4892141
4893273
4893429
4893641
4894703
4894730
4894892
4895148
4896309
4896421
4910500
4913102
4901904
4902495
4903508
4905403
4835807
4896758
4897607
4898689
4899342
4900660
4901355
4799842
4800193
4802827
4787843
4788303
4746542
4748537
4725836
4726636
4726788
4727414
4720929
4963998
4964816
4965378
4995424
4995948
4996609
5075675
5076681
5076946
4960495
4916989
4917960
5006094
5008555
5047018
5048085
5060619
5004215
5015431
5016110
4404272
4404293
4404324
4405236
4526635
4405708
4406071
4400480
4398319
4529622
4529668
4519375
4944407
4946001
4907459
4908071
4908982
4782970
4783505
4920627
4924841
4925089
4925647
4926381
4922272
4854757
4906444
4906588
4890216
4891129
4852303
4853125
4886810
4887141
4887966
4888266
4722334
4722594
4889391
4790786
5372103
5256219
5256237
5256375
5256467
5256514
5257669
5294288
5294911
5295573
5376208
5312954
2439570
2341978
2339993
2340217
3073767
3077468
3135124
3135141
4418937
4419904
4204491
4204996
4205269
4205286
4205712
5261932
5245212
5151600
5255237
5255270
5255575
5259997
5259083
4700615
4693327
4718985
4598536
5130514
5241601
5242089
5248747
5245636
5195639
5195687
5536144
5536219
5536325
5537695
5538391
5567980
5569547
5569646
4571830
4574766
4576003
4545270
4545298
4547080
4547228
4548321
4548754
4549665
4549924
4558143
4558163
4558223
4558715
4559000
4559129
4559716
4561324
4561947
4542063
4542501
4544169
4576667
4578566
4581360
4582529
4583322
4554057
4556075
4556120
4556702
4557275
4557384
4532013
4536853
4585945
4588256
4589396
4565056
4565364
4592812
4593960
4596082
4596612
4464672
4466064
4468315
4433053
4433126
4434253
4438488
4438839
4427024
4430011
4431596
4460872
4462602
4463993
4464009
4439684
4440490
4444958
4374453
4375861
4376619
4376712
4377380
4377440
4377672
4377733
4474857
4475758
4478641
4479112
4452267
4455682
4420971
4425457
4425525
4409810
4411304
4411480
4412247
4511441
4513393
4514429
4515478
4516256
4516685
4447381
4447942
4450506
4451054
4485934
4489395
4491407
4504738
4505252
4505754
4510136
4510267
4500490
4500726
4500758
4501026
4501095
4501255
4503112
4503137
4503220
4503370
4504313
4492304
4493320
4494827
4495290
4495305
4496713
4497833
4391523
4392565
4393856
4394116
4394966
4394987
4395097
4395172
4395230
4395317
4395385
4395500
4395504
4395621
4395672
4395872
4414044
4414110
4414686
4415552
4415651
4416961
4418622
4361033
4361766
4363998
4734687
4735795
4736104
4737438
4738001
4738472
4740281
4740476
4752266
4754178
4713714
4715594
4716364
4716556
4717151
4728452
4730544
4731988
4732031
4733413
4733837
4763720
4766854
4758802
4759254
4760030
4761794
4702320
4707866
4710013
4694448
4695291
4695388
4695968
4696438
4696815
4698209
4740700
4741858
4742785
4743794
4745546
4199795
4200251
4203053
4203261
4203604
4204156
4226828
4229251
4240505
4241574
4231620
4234066
4234393
4235358
4236066
4236218
4250217
4261350
4261442
4262387
4262857
4265289
4078812
4080850
4683303
4683699
4684979
4645273
4647231
4648775
4664956
4674720
4676092
4678473
4669741
4671039
4671416
4672378
4673463
4674068
4688314
4688920
4691179
4639358
4639839
4641946
4641992
4642085
4642639
4642756
4644660
4655279
4655460
4655572
4655733
4657629
4657905
4657925
4660727
4218712
4221625
4224146
4218377
4179176
4179997
4180444
4181211
4193965
4194098
4197113
4197306
4155611
4156778
4157295
4160227
4160499
4161407
4087131
4088781
4089561
4089564
4089830
4184045
4184197
4184374
4185774
4185825
4186512
4186818
4209021
4209140
4210001
4210180
4210589
4210835
4210869
4211457
4187633
4187809
4188747
4191016
4191625
4152034
4152378
4152535
4153167
4154241
4154438
4154963
4273214
4273232
4273575
4273824
4273993
4274044
4276283
4277906
4284655
4285209
4289431
4290719
4292398
4292602
4292872
4293625
4294174
4296542
4299444
4266345
4272103
4303629
4306581
4308377
4308819
4282720
4282951
4083572
4083764
4085245
4314165
4315086
4309756
4311317
4312225
4615434
4617090
4618308
4620728
4621051
4626473
4627022
4627794
4603713
4603948
4604089
4607300
4608591
4608676
4610661
4633437
4635144
4636009
4638030
4622664
4624956
4625352
4520979
4368242
4601710
4584930
4585508
4327693
4328577
4330529
4331018
4332092
4354476
4355199
4357804
4358197
4340226
4341375
4342372
4345664
4345741
4334013
4335034
4335760
4337917
4339738
4349408
4351248
4322504
4323670
4317462
4317623
4318327
4318338
4319571
4319924
4320081
4320256
4320657
4317170
4206118
4206673
4255483
4379160
4379613
4380215
4380448
4380913
4381435
4382064
4382655
4385131
4385191
4385792
4385807
4386458
4386498
4386720
4386945
4387076
4388835
4389588
4389603
5171196
5172011
5173588
5174939
5179139
5179742
5180143
5181103
5181240
5190968
5192361
5192830
5194347
5200755
5200879
5203022
5204437
5204604
5204695
5206105
5206459
5206857
5165319
5165651
5166047
5167585
5168613
5195921
5199665
5200320
5229872
5232103
5276613
5278573
5279132
5279543
5280693
5237634
5237823
5237915
5238022
5238213
5288504
5288689
5289722
5290228
5290785
5293100
5315537
5315886
5316030
5317311
5319384
5283299
5284421
5212868
5213792
5215254
5215848
5700286
5702325
5704390
5696500
5697403
5697586
5690739
5691018
5691455
5691820
5694245
5659654
5663274
5664258
5706260
5709276
5657823
5657831
5672421
5674751
5650581
5652114
5685113
5686224
5686278
5687534
5602106
5603232
5605357
5623428
5624879
5625750
5626499
5627813
5628082
5636896
5637532
5637901
5641484
5620224
5560593
5612484
5614049
5600139
5600509
5600870
5601164
5581886
5630679
5630962
5631693
5632634
5632718
5592051
5592468
5594653
5596153
5435489
5437719
5440147
5440932
5397171
5397882
5398108
5398306
5398651
5400953
5401079
5401134
5402240
5447085
5449186
5449318
5449788
5469445
5505723
5482563
5482641
5484883
5486261
5476006
5476758
5479837
5494076
5494095
5487368
5487974
5488035
5489094
5490685
5491671
5500145
5413390
5413756
5413890
5414838
5414936
5415512
5416296
5419040
5385117
5385684
5386688
5388221
5389347
5390036
5392347
5392895
5420169
5421289
5421587
5421762
5422472
5422625
5422894
5423083
5423604
5424623
5456539
5456653
5457177
5458062
5458150
5458339
5459364
5412021
5412114
5380572
5430433
5430623
5432305
5427292
5428281
5428763
5452093
5452144
5453172
5453633
5332783
5333072
5333452
5335071
5335439
5335632
5335811
5337207
5337563
5360213
5360331
5360992
5361720
5324725
5329151
5330372
5330874
5331143
5355196
5356484
5356750
5340022
5341681
5341788
5345243
5345287
5346471
5348880
5349831
5219942
5221642
5296544
5298884
5718313
5719879
5719926
5720439
5720634
5720887
5722205
5741323
5743937
5745074
5745838
5723331
5723528
5724045
5724929
5724985
5726363
5726928
5729354
5730553
5733495
5733685
5754200
5755040
5756524
5757285
5740016
5740063
5740088
5740279
5628837
5629302
5629482
5539969
5544131
5544603
5514826
5515103
5516226
5517876
5519602
5519887
5526754
5527107
5509560
5509747
5511393
5511547
5514397
5514442
5522063
5525631
5464657
5465989
5466109
5466722
5467636
5468010
5468092
5469166
5441044
5441511
5441874
5442612
5275148
5275771
5275784
5461397
5461671
5461848
5531834
5531979
5533328
5666970
5667069
5668229
5668255
5669047
5669985
5564332
5566299
5567820
5577020
5577245
5557990
5586744
5587628
5588651
5589346
5590513
5643065
5643794
5644425
5609597
5645945
5549516
5307276
5307345
5307888
5308177
5310553
5310780
5376835
5350763
5351454
5351488
5352753
5150413
5405941
5243146
5246680
5246804
5262628
5263017
5263128
5263698
5249686
5250052
5250299
5251022
5251159
5266565
5554173
5573503
5521073
5580045
5591110
5451486
5835400
5835728
5791800
5665431
5665856
5683050
5628797
5766878
5767229
5769607
5770292
5853514
5855383
5826389
5828289
5829425
5829453
5830371
5818395
5819594
5820383
5793641
5796593
5861270
5861791
5762149
5763013
5763678
5842205
5845156
5783133
5784290
5786100
5764294
5765221
5877760
5878037
5899130
5899351
5894197
5846722
5830857
5832320
5833040
5833224
5835057
5808613
5850177
5880313
5880627
5881295
5881998
5882895
5883231
5884197
5774502
5775482
5775511
5776035
5776424
5897101
5897792
5897987
5898407
5898750
5777269
5777859
5779486
5821291
5822355
5822679
5824748
5863091
5863310
5864176
5837051
5995039
5995332
5995633
5970295
5970902
5970922
5971868
5972419
5974302
5936434
5966081
5968920
5969105
5969199
5969672
5969825
5969948
6003332
6003832
6005352
6006359
6006817
5910955
5913497
5975278
5977994
5788275
5789296
5790217
5790860
5791527
5904143
5904159
5900461
5900633
5901423
5901474
5901506
5902360
6055882
6058245
6058462
6060049
5810659
5811209
5811890
5812092
5814086
5814870
5815285
6043630
6043695
6043995
5999098
6000136
6000391
6002700
5988916
5989840
5990612
5979348
5979351
6028850
6029946
6031524
6032639
6050673
6054068
6054410
6041645
6041818
6042327
6043138
6043474
6032985
6034936
6036381
6037209
5945289
5945650
5947119
5925575
5925837
5925947
5927118
5928395
5914801
5914922
5914960
5915104
5915853
5915860
5915915
5938305
5938525
5940644
5942739
5885298
5885369
5887789
5887890
5888377
5889447
5920675
5922466
5922756
5922868
5924374
5924960
5925148
5873991
5875978
5877631
5867435
5867947
5868845
5870530
5960796
5961369
5963493
5956980
5958032
5958165
5906943
5907087
5907237
5984838
6014645
6017540
5951145
5951277
5952242
5953708
5954036
6010371
6011254
6011595
6011848
6015214
6015256
6016043
6016085
6016935
6024493
6062107
6062582
6062805
1859571
1578268
3991996
3721989
2398705
2390778
2395824
2679810
2539435
2497136
2554038
2558408
2561535
2490879
2622907
2617084
2549860
2465246
2467190
2441160
2444124
2420794
2421277
2422749
2765938
2766818
2767007
2767031
2767471
2767715
2769246
2770176
2770545
2771170
2771531
2771941
2737325
2737587
2738055
2738151
2739449
2739979
2740799
2741598
2741733
2741856
2742393
2742553
2743063
2772706
2775711
2776308
2776457
2776774
2777525
2777740
2778369
2778406
2779343
2779580
2779655
2779704
2780125
2780130
2747132
2747579
2747824
2747914
2748064
2748195
2748427
2748804
2748947
2749131
2749448
2749481
2749665
2749815
2749838
2750274
2750367
2750969
2751318
2752358
2753646
2753834
2753884
2754178
2754286
2754359
2754520
2755010
2755564
2756481
2757350
2758299
2758558
2758919
2759002
2762836
2764039
2764147
2765562
2765711
2781988
2782257
2782547
2783432
2783770
2783777
2784542
2784881
2787706
2787925
2788222
2789494
2790749
2790933
2792359
2743628
2743637
2744033
2744688
2745005
2717315
2717839
2718173
2719327
2719628
2719640
2722752
2723180
2723398
2730519
2730605
2731702
2733260
2733878
2733947
2734099
2734661
2734845
2735535
2735635
2735675
2736563
2724345
2725488
2726133
2726573
2727068
2727351
2727441
2727596
2729855
2693964
2694294
2694991
2696986
2697483
2697611
2698205
2698311
2706159
2706724
2707284
2709519
2709544
2699375
2699747
2700381
2700735
2701349
2701630
2702068
2703340
2703898
2704364
2704630
2704766
2705101
2711321
2712362
2712525
2713078
2713153
2713154
2713778
2714774
2715336
2715754
2715803
2716647
2688231
2688470
2688587
2688872
2689338
2689736
2690583
2690862
2691117
2691874
2691877
2692549
2684851
2685371
2686086
2686515
2687010
2687331
2841833
2842041
2842043
2844005
2844851
2844999
2871509
2872337
2873396
2876363
2836133
2836766
2837393
2864630
2865161
2849909
2851732
2852726
2857344
2858734
2860272
2862285
2853930
2485975
2798448
2826882
2829332
2829417
2830232
2830654
2834059
2834197
2834479
2834691
2813754
2814370
2815370
2817612
2808901
2808998
2809454
2809674
2812400
2804016
2804120
2804644
2804782
2804798
2804928
2806062
2820977
2821979
2822084
2822177
2822588
2822827
2823037
2823093
2448888
2893913
2894186
2882559
2883911
2900922
2905443
2905469
2905574
2906316
2899742
2899746
2900702
2926669
2926676
2929808
2930908
2913931
2907573
2908816
2531848
2534316
2477605
2483707
2505100
2435603
2437836
2955126
2955223
2957629
2960328
2933613
2936248
2936283
2937133
2943759
2944691
2978652
2978758
2978815
2953274
2953313
2973337
2976531
2963776
2963824
2964432
2964624
2965239
2965495
2966609
1815446
2081868
2044558
2046635
2038465
1930831
2032844
2033501
1994053
2026227
2027059
2336156
2317708
1904862
1911880
1916598
1917786
1887094
1890510
1846694
1900158
2297322
2298525
2299057
2204472
1821240
1808173
1807679
1826209
1837890
1962230
1965879
1934111
2139090
2115021
2124875
2125314
1864899
1923143
1926608
1885624
1862603
1814867
1880314
2012546
2012778
680793
598340
687390
610557
1262481
1263006
1271591
1271597
1272471
1232777
1233475
1236691
1260096
1127201
1098920
1136698
1053037
1109851
1117563
1147556
1060259
1011105
1041760
1219744
1207029
1207321
1218970
1135253
1226557
1286098
1335269
1281144
1294827
1047594
1104483
1105354
1074990
776515
777256
3329400
3331053
3332231
3334044
3339498
3343285
3343719
3349172
3349492
3350973
3351285
3297502
3297551
3300354
3300377
3291081
3292680
3292751
3292813
3293498
3293828
3295568
3296192
3296193
3286953
3287001
3287055
3287773
3323687
3323699
3323831
3326204
3334552
3336613
3337198
3338942
3190742
3191295
3199754
3200216
3202607
3203753
3219662
3219994
3220854
3222043
3214495
3214516
3214827
3206626
3237496
3237631
3181155
3186318
3194912
3195811
3197470
3198158
3160055
3162132
3162465
3163390
3095401
3038717
3042047
3083508
3085708
3116582
3120085
3030065
3091063
3091765
3047902
3065262
3070372
3358640
3359270
3359622
3359755
3360003
3360303
3360714
3360785
3361325
3361510
3362245
3363512
3365427
3365796
3366499
3367197
3381245
3382283
3383654
3373424
3373711
3374586
3375318
3377862
3351790
3355508
3395934
3396382
3397802
3403403
3404715
3404937
3405390
3406605
3392304
3386315
3387356
3387472
3387857
3388457
3388625
3389050
3222644
3222648
3223226
3223370
3223714
3223818
3225721
3225741
3225832
3226224
3226580
3227271
3273866
3274639
3277833
3277861
3272498
3242295
3243138
3243160
3172541
3174483
3174626
3263778
3265071
3266322
3266331
3266696
3266754
3266784
3247948
3250123
3251059
3251432
3251475
3253353
3253436
3256560
3244833
3455441
3456626
3458406
3458724
3459370
3422526
3423117
3423510
3413903
3414441
3417523
3418715
3420086
3442553
3445028
3445203
3446955
3448999
3408541
3436276
3436575
3436830
3439705
3441007
3453827
3313338
3313508
3450858
3106771
3135582
3138634
3103372
3103554
3103847
3157272
3157665
3114201
3114634
3055403
3056193
3012972
3001695
3020837
3483591
3463293
3464713
3469106
3502882
3469826
3475774
3509145
3514850
3516556
3492685
3494486
3499717
3489460
3490662
2469093
2424069
2424112
2471922
2472451
1415732
1419897
1369097
1391539
1392816
1491655
1501168
1502640
1502707
1503583
1487679
1491244
1482262
1534754
1509862
1510863
1614442
1588795
1570575
1575235
1575258
1575310
1575482
1575546
1575677
1597913
1575898
1575909
1575938
1575953
1576003
1576039
1576193
1576284
1576559
1576652
1576801
1576850
1576967
1576986
1576999
1577127
1577270
1577446
1577642
1577705
1577729
1577761
1577789
1577921
1578002
1578010
1578394
1578514
1578525
1578677
1578813
1578899
1578958
1578990
1579030
1601625
1606697
1608985
1610264
1611455
1423847
1424476
1427613
1453522
1454647
1455399
1434365
1465040
1443988
1444871
1477489
1635641
1635791
1636057
1636548
1637351
1637821
1638077
1622368
1622654
1627542
1632178
1669533
1669934
1646909
1648334
1659867
1639473
1640607
1640623
1655737
1657815
1657880
1748151
1749041
1767070
1768802
1754808
1754852
1684952
1685940
1686468
1737177
1740651
1741726
1498391
1499595
1356236
1619003
1704881
1705344
356007
421404
394385
349537
349852
409244
359811
429033
429602
429763
430080
430154
327015
327251
327706
327857
328812
339282
342014
297864
300564
305816
331077
332438
210568
221468
126039
78059
34515
42230
49363
56918
59408
60328
17009
20558
73829
74270
74324
32478
248045
227875
228013
229499
229550
252030
252316
239462
256731
225449
226587
226673
226721
226754
99469
99633
103920
104025
119571
119652
119687
112949
113626
88193
89969
91492
92001
92233
92378
94363
97054
97214
97480
97569
105386
105501
107520
45741
83310
496664
497072
497080
500671
494600
437041
437174
437591
437593
431761
431995
432590
432859
433529
434412
435986
435987
436149
439322
440665
440937
441658
441824
442164
457623
457979
406163
282596
308912
226986
227015
227294
227786
61289
270809
3633781
3634591
3634602
3634816
3604782
3605755
3608336
3608940
3609855
3561399
3561769
3561815
3564081
3565425
3596229
3599856
3600448
3571138
3574062
3529656
3534404
3535185
3536274
3538667
3540231
3542616
3543122
3585976
4019894
4021328
4021956
4000025
4000049
4000473
4001380
4001741
4003625
4004924
4013778
4019027
4019532
3981742
3984563
3984869
3985367
3998163
3999016
3986081
3987321
3987864
3989487
3989576
3991607
3991811
3992052
4007369
4009046
4009462
4011758
4027842
4030793
4031345
3974355
3975274
3976153
3976755
3969813
3969977
3970733
3749993
3750056
3751088
3751284
3753694
3755634
3757175
3551858
3768277
3769860
3771283
3772844
3718458
3719943
3723888
3758762
3764427
3764764
3748231
3748344
3748502
3748567
3748591
3748703
3748850
3782217
3786971
3789112
3790895
3791223
3776077
3777308
3777992
3778307
3795071
3798379
3798969
3669522
3670387
3672197
3674427
3676481
3677188
3679161
3679994
3695943
3695963
3699361
3691366
3693642
3545002
3625165
3627392
3628124
3629841
3631652
3656205
3656409
3657013
3657818
3657825
3660453
3643746
3644436
3644447
3645057
3646994
3647081
3648100
3648626
3618664
3938487
3945203
3945674
3922315
3924253
3924305
3925831
3926599
3928745
3955315
3962599
3963765
3964692
3969048
3969207
3933665
3935247
3946493
3946561
3946617
3947901
3948268
3948853
3951998
3952048
3914920
3917577
3918540
3918654
3919287
3920878
3921007
3908621
3888962
3893440
3895903
3896827
3861600
3862791
3864950
3874294
3877648
3850366
3850712
3851913
3853800
3857903
3858051
3899585
3900871
3901189
3903529
3903997
3868590
3870473
3871015
3871324
3883656
3885753
3886006
3726037
3727222
3728288
3731547
3711139
3711502
3713553
3716023
3736788
3686349
3687690
3703918
3704406
3704581
3705754
3705910
3740674
3650737
3650787
3653270
3841750
3806963
3808548
3808919
3809532
3811404
3811468
3813390
3830966
3831120
3835732
3816374
3816510
3816621
3818528
3802246
3805832
3824519
3828008
3828124
3837791
3838508
3839202
3840310
4051463
4051803
4052416
4052569
4057340
4065488
4069828
4070882
4037703
4038608
4039697
4039881
4040271
4041852
4042086
4044137
4045286
4047496
4047617
4047652
4047747
4058279
4058518
4060215
4063120
4033991
4034254
4034300
4035119
4035167
4075555
4072870
4072879
4073038
3176110
3178373
3282411
3283637
3284248
3284727
3231167
3232082
3280053
3309227
3309252
3308930
529475
563291
912286
912671
905673
907843
903466
890912
827187
785372
841139
923779
923841
927462
922523
928145
928416
928587
929445
929469
823242
758715
759418
759434
762832
757603
555535
967399
862295
863020
874517
591766
713942
680324
741018
513581
2025175
2161553
2164615
4100592
4102047
4102298
4103047
4103802
4105083
4105649
4105661
4105938
4106065
4171870
4172605
4175624
4136926
4138604
4138610
4126516
4127160
4128260
4128845
4129899
4132557
4132796
4133785
4142323
4145586
4147975
4162637
4164511
4166632
4113793
4113833
4114978
4115024
4115570
4115649
4116290
4117344
4117643
4118153
4120590
4122427
4123411
4093493
4095522
4096814
4098267
4099522
4106974
4107386
4110049
1203292
4771120
4774162
4833583
4846098
4850502
4804528
4806785
4807349
4839894
4840104
4840689
4779069
4780305
4780539
4780896
4793775
4794799
4812557
4812783
4933697
4880476
4885190
4885462
4886337
4943245
4867781
4868016
4870220
4870715
4873524
4877601
4951382
4857055
4930450
4931360
5102375
5103535
5105237
4974161
4976148
4977233
5162278
5163993
5123907
5125928
5147794
5148308
5132939
5134262
5136243
5108723
5110518
5112606
5116596
5117579
5041932
5044375
5077520
5078521
5079009
5080559
5082389
5082622
5118453
5119247
5123167
5123736
5091102
5092252
5094728
5095405
5062871
5063551
5063899
5065370
5067096
5085799
5087973
5088738
5089198
5070659
5070911
4965845
4966196
4966556
4966790
4968594
4968915
4968920
4969952
4971194
5024093
5033302
5034254
5034486
4978802
4980018
5010309
5002127
5017259
5018690
4983864
4987172
4895789
4910495
4912196
4912559
4902646
4903020
4903760
4835269
4838148
4897010
4898959
4899745
4900940
4801751
4785712
4726982
4721483
4964018
4964662
4964760
4965059
4995456
5074395
5075102
5076073
4959580
4960397
4916979
5047291
5047947
5059884
5005095
4403481
4403632
4404262
4527088
4405912
4407065
4399517
4398522
4399425
4945412
4945592
4908007
4909000
4921689
4922610
2144652
2144746
2290361
4891266
4853073
4888890
4790063
5314881
5368537
5368866
5371817
5372303
5256450
5257016
5257548
5312326
2414483
2414573
3072494
3134370
4419019
4370099
4205028
4396113
4085698
5260718
5113177
5152243
5255252
5259035
4700404
4583773
4584392
5248666
5253504
5131568
5537269
5539450
5567955
5568382
4573625
4549560
4562044
4563143
4564079
4564254
4554141
4557197
4557691
4535287
4588195
4565237
4565829
4565988
4566947
4595092
4467839
4433818
4435223
4438366
4426797
4430306
4460071
4462493
4440856
4376641
4376878
4452182
4456407
4423039
4425953
4426279
4408791
4409574
4409890
4411218
4510685
4511927
4514541
4515901
4516271
4516303
4491833
4504468
4504761
4506093
4507301
4508173
4508386
4499576
4499867
4502052
4502862
4495141
4496380
4390253
4390889
4393610
4393802
4394465
4394974
4394994
4395174
4395546
4415578
4415670
4415719
4417887
4734781
4736734
4738411
4738748
4751468
4755396
4756190
4712374
4715834
4716167
4716590
4728222
4730844
4731936
4763405
4763477
4766253
4766294
4756631
4757982
4759043
4759980
4760058
4761817
4762202
4704047
4708006
4695952
4699034
4699129
4740894
4741866
4742907
4744877
4745115
4198918
4199593
4200654
4202978
4203211
4203777
4225058
4226181
4239175
4241685
4241927
4242772
4230615
4231987
4232722
4249680
4247730
4248661
4248751
4261467
4262110
4262757
4265201
4148681
4149215
4150158
4080419
4685906
4686359
4648550
4663596
4663767
4663867
4667377
4674762
4674994
4676595
4677758
4668555
4672198
4673417
4688736
4689423
4640799
4652463
4654165
4658143
4219489
4216770
4177397
4177819
4178086
4178492
4178556
4191925
4192345
4192668
4192902
4155759
4156667
4157570
4159209
4161441
4086943
4087579
4090677
4185979
4186148
4186210
4187339
4211163
4187646
4151972
4154345
4154825
4155230
4273752
4274029
4274471
4276883
4277186
4278772
4284699
4288587
4289168
4292101
4294277
4294549
4295718
4266866
4269424
4269921
4304079
4308024
4308055
4280897
4282747
4282796
4283255
4283449
4284451
4084407
4314784
4310638
4310725
4619388
4627885
4629582
4610452
4613065
4613251
4633427
4636388
4621988
4622556
4623161
4625557
4521160
4523246
4601485
4602164
4326581
4327832
4329399
4330802
4357810
4358692
4346557
4337195
4337992
4349611
4323492
4318375
4315603
4316957
4379188
4379242
4379394
4380000
4380321
4380560
4380658
4381325
4381527
4381745
4383076
4383533
4384187
4384907
4385155
4385639
4385885
4387461
4388492
4388584
4388794
4388873
4388994
5176796
5200672
5201092
5202603
5205006
5185856
5230696
5281896
5282037
5239525
5240156
5290088
5290916
5293417
5223894
5224211
5226345
5211098
5305062
5315814
5318471
5318674
5285155
5213303
5215629
5700378
5701022
5680708
5680852
5695710
5689524
5691296
5691430
5692018
5660207
5707692
5707787
5709745
5654326
5657891
5671073
5671420
5672507
5650100
5650826
5604053
5604868
5605878
5624080
5626893
5627002
5617607
5560478
5598886
5600821
5631126
5631492
5631550
5633496
5398560
5399478
5401878
5402248
5469913
5472640
5473130
5473994
5475082
5508015
5480363
5481875
5483466
5485346
5486119
5476256
5477841
5479634
5493403
5494822
5487144
5487181
5488220
5499818
5414261
5414859
5415237
5416256
5416986
5418662
5419060
5387643
5388970
5390550
5420907
5421448
5422519
5424019
5424140
5424506
5458371
5412057
5381357
5429539
5452969
5454182
5332883
5333075
5333263
5333858
5334489
5335568
5335837
5336491
5337381
5360426
5320801
5321175
5321223
5321462
5324027
5324381
5326492
5328893
5329659
5330782
5353609
5353910
5355052
5338103
5339234
5339459
5345821
5347223
5348517
5218763
5297302
5297996
5720796
5721894
5721958
5741713
5745728
5747591
5749409
5749435
5749882
5714492
5715774
5724294
5724519
5725650
5725655
5727029
5729484
5729508
5729758
5731749
5732835
5733591
5754937
5734730
5629641
5544405
5514878
5518931
5528551
5511218
5511939
5512514
5513809
5524859
5465742
5467240
5467391
5468836
5443680
5272980
5273644
5275437
5275705
5464200
5564232
5564544
5565536
5566874
5555195
5557529
5586750
5545780
5546974
5551698
5376901
5375489
5149727
5150373
5406265
5406955
5271116
5269893
5270272
5249728
5250257
5573443
5574207
5835998
5792800
5683172
5766493
5769710
5852804
5853642
5853930
5855536
5856815
5825561
5825647
5829114
5800951
5820203
5793422
5859345
5860843
5861710
5759725
5761292
5843743
5784079
5786002
5899830
5836704
5832369
5832371
5834935
5806062
5806210
5808536
5847908
5848064
5850670
5882090
5775634
5894313
5897946
5778834
5778866
5779310
5821685
5825049
5863377
5865102
5994491
5997224
5974225
5969082
5912655
5978220
5790194
6055570
6057091
6060018
5813760
5813842
5999810
5979901
6030997
6032017
6050378
6052322
6039159
6040950
6042534
6034272
6034337
6034410
5946214
5925973
5926619
5930321
5930471
5916532
5917397
5917552
5919836
5938268
5939403
5939943
5941219
5885285
5889103
5889430
5890104
5890243
5920095
5922064
5924112
5925115
5872344
5874374
5871724
5964402
5956772
5958214
6017797
6018661
6008855
5954536
6009843
5952892
6013457
6015343
6017260
6021070
6021862
6023983
6025134
6025897
6027159
6061785
6062079
6062341
3463068
5587171
2372834
2407340
2389968
2557745
2493316
2464898
2465814
2468327
2443825
2771706
2772107
2737907
2738905
2739882
2741649
2778909
2746970
2750620
2751942
2753572
2783673
2790224
2793806
2745536
2732951
2733304
2734387
2736202
2704660
2862897
2811463
2802961
2822469
2800701
2446469
2930942
2933612
2315749
2321378
2316428
2316431
2306003
1913271
1913663
1916344
1899854
2277563
2295207
2294441
2294895
1810846
1918552
1918876
1921594
1937372
2103727
1922947
1925730
1873179
663873
680781
681017
685147
686587
1234467
1228708
1260079
1097788
1034978
1041223
1223667
1183694
1307212
1280599
996169
776745
3329343
3347700
3184033
3184594
3168266
3047615
3359764
3361528
3382256
3384785
3386453
3388180
3253446
3253912
3430426
3447785
3436564
3106200
3149587
2989153
3463244
2424800
2471685
1502765
1588800
1575512
1575703
1576112
1576162
1576207
1576286
1576557
1576642
1576841
1577125
1577217
1577366
1577657
1577661
1577799
1578438
1578504
1578520
1578768
1579033
1579046
1427653
1428380
1429974
1447392
1440413
1635092
1635737
1635762
1635995
1636021
1636436
1636814
1637059
1637156
1637359
1638411
1648962
1662802
1638817
1638889
1639072
1639143
1639427
1639606
1640074
1640400
1640466
1640891
1641024
1749152
1767464
1744677
1754825
355991
422801
423121
419841
429250
429413
429521
297318
297416
298356
298626
300343
300607
304895
306244
331503
284002
284145
284436
133103
99435
99552
118170
119581
119609
86997
87483
436762
437187
437592
430864
430867
431009
431537
432136
432329
433083
433822
433892
434042
434676
434917
435067
435179
435830
435903
450599
454149
438760
438977
439420
440393
440398
440667
441130
441661
447514
461757
3638225
3640226
3611346
3614572
3567701
4004189
4008052
3758745
3669279
3665008
3945484
3922958
3924451
3947825
3916267
3913535
3860682
3867139
3727329
3702718
4068490
3178374
583178
911943
913006
708818
925963
945634
633686
642511
966484
679875
1620393
1068571
2166035
4128176
4133401
4121836
4876512
5083901
5069523
4994481
4899048
4799593
4747398
4725142
5060740
4407175
4402469
4638924
5569206
5571133
4570714
4563117
4564111
4544806
4436118
4436210
4375663
4510775
4451663
4508142
4395600
4694799
4695583
4237070
4238722
4148955
4664443
4658759
4661440
4213834
4179286
4089147
4183082
4289254
4292016
4085344
4605966
4633331
4522752
4322952
4378490
4380622
4384473
4386911
5287556
5686255
5481772
5500805
5361449
5326074
5353500
5339021
5509185
5510451
5643857
5377058
5352223
5243190
5683442
5768178
5765199
5891673
5808644
6035564
5867944
5869070
5872229
5963779
5948614
5952021
2502773
2375111
2421867
2781339
2756615
2746145
2824142
2900442
2315234
2325806
2333068
1904681
1870223
2295137
1966703
682495
1265877
3200512
3163125
3094225
3030416
3386151
3249523
3482446
2473102
2470876
2424634
2472319
2377094
1501568
1575532
1575821
1576613
1576745
1577057
1577719
1577720
1577826
1578162
1578326
1578329
1578507
1578518
1578695
1578713
1578911
1578984
1635072
1635251
1635728
1638255
1639040
1640163
347235
315866
304974
330832
226688
119682
431211
432060
432939
438500
357911
3636677
3605511
3601223
3537449
3751097
3721192
3689959
3863787
3733061
4057448
4065186
768593
713051
5041848
5037757
4531324
4413501
4681640
4177036
4090910
4384271
5379529
5820961
2566317
2564189
2463793
2375044
1978605
686387
1268950
1578502
1635562
1638025
1640998
487401
547329
4411015
2390786
2655038
2677405
2533250
2480090
1305564