1938836
509809
127467
698943
935868
458373
1298447
2149604
2063933
427471
2654028
2522170
2082871
2111208
3873366
1734474
327989
3301791
2874039
545804
2538003
1645778
1380729
2553751
1690904
2837020
2551835
1233004
327992
1374220
1539887
1426108
1325078
1182412
1429152
2811062
2500301
592402
2118766
354249
3767135
5317608
1427762
1468584
527444
586996
2482310
593545
70316
1312156
2682929
1298252
949963
1262091
2155660
5842431
2894221
2202146
4629892
808443
958623
1845920
2523597
1291291
2489601
2739018
2453109
3343335
730893
1025243
2170466
2004333
2763293
1254082
325091
505451
319766
24973
2504868
2282100
1977324
1428428
1749715
1755729
129050
5817455
2682815
317132
2406744
485775
2381732
750588
2452742
2325978
1029510
206999
1933592
2508106
1502646
2421525
1220130
558142
1695404
596074
2492183
1426741
2486343
5766327
2526758
2487171
2273240
1707467
1439902
1758732
1409329
1233987
5440022
1541347
3974942
1826252
503465
2465461
131359
2858942
130579
554435
2405456
783579
1363845
606386
982238
486673
1318820
2273246
610037
263356
1740597
4975482
3216721
2154423
5210127
983353
2125228
2005543
750166
1728168
1895826
2525132
2987759
726339
2683363
1103757
125940
3922415
2831834
6047980
5019136
481077
750534
2478083
268834
125396
1234316
2299975
2024214
123996
1623103
1639951
2641487
1001426
1260557
600848
319381
2112229
206239
571442
4756148
1283189
2320324
495083
3298593
3284256
894928
2498316
487171
761942
2892439
1818912
2037505
2898514
749495
1281042
209101
2065062
209879
1426672
1221809
962320
2483588
2540989
1353791
1060825
5928229
5805112
2541393
2096914
124003
131236
1219747
1634966
2540139
534314
1268206
2506127
455363
4836289
454209
324104
2525648
398794
580732
1426116
2452728
2529704
1854038
2513442
2090179
2531181