2111208
2063933
2149604
509809
3873366
949963
2654028
2522170
327989
2082871
1690904
327992
2837020
2874039
5842431
2551835
1374220
1734474
2155660
1426108
2894221
2500301
4629892
958623
1233004
2202146
1539887
1427762
1845920
3343335
427471
2739018
354249
2118766
1182412
2523597
3301791
1325078
545804
808443
1429152
127467
5317608
2489601
592402
1291291
1254082
2811062
698943
1025243
3767135
2482310
730893
2004333
2763293
2453109
1428428
527444
2282100
325091
2504868
505451
2682815
485775
586996
1977324
319766
1755729
1749715
2381732
24973
2538003
129050
70316
317132
5817455
2452742
2325978
750588
1468584
1938836
2406744
1029510
2421525
206999
558142
1933592
593545
1502646
1220130
2508106
935868
1695404
458373
596074
2492183
5766327
2553751
1426741
1645778
1312156
1380729
2682929
1298447
2526758
1298252
2487171