1915383
1812738
447353
1911547
1833178
1828781
1851311
435959
1901887
1218161
1902681
1837102
288784
1328905
1901892
2533129
1839682
1836584
1910130
1910067
1909577
1843867
1917434
333707
2112034
392610
947563
1851255
1902294
1915236
1871902
1901894
1833587
1910443
338699
1844497
1910056
1915930
525023
215124
2511244
1834118
449216
449513
1847939
2518918
1812969
345405
2091210
1834490
1902700
1915902
1901491
391151
431051
433366
1908846
1909583
1917169
439269
1829694
549827
1822021
2643421
1840874
1987183
1908399
1908550
507730
1829707
1866283
1867929
1908542
1835764
1774615
1911435
1915379
1911715
1916228
1911693
1901885
1825068
895288
1819719
1909167
1842740
1911642
1908698
2201931
1916141
212068
4430741
1834148
1836939
1278362
1916144
1915762
1917113
302347
1446245
437656
1911322
1841574
1836613
1838823
1823383
332894
1836538
1326266
332991
289129
575687
1774508
1836935
1908317
1911571
1837793
1916129
1909773
5653148
334881
5022398
1841710
1833137
1910590
4611096
1851069
1885302
1915932
913633
1851317
1901797
335941
5742832
1901912
1915067
1910441
1917229
1911262
430462
1915910
608554
1909330
1908543
1830547
1910456
1915513
1916137
1774664
4608514
1840925
336235
2291346
1840767
1910562
1825819
1851702
1842275
1838034
1901619
1911045
419242
1909645
1908540
1323876
1910468
1915427
216025
1815245
1836800
4471283
1851209
1901370
1910188
2801032
333250
447212
2538614
1837065
1901844
1911402
1917438
444068
1909334
1774617
3194829
1836980
2181096
1816022
214957
2654421
1916140
2176001
1851709
1908851
1916131
1911399
1909900
1917284
1909896
1916233
1839041
1868923
1773236
1833758
1743634
1909581
1915424
1908539
1879001
4472637
1908832
1829074
612528
1910212
983081
725147
1828883
1917442
1908840
1852061
1845930
342522
1869310
1867034
444433
1910461
335257
1917529
1901831
1838822
1836221
1818890
1839984
1328535
1838024
1837368
2552082
1846416
309661
1902539
1901720
1910459
1846342
435585
581205
1915311
1908845
1917264
1915382
1908795
1909109
1915760
1915757
1917266
1901881
1827793
1909395
1812698
1910464
1819707
1839353
1818149
280077
1836893
1814567
1463555
6030835
1326645
2491394
1915942
1821632
1850603
1870475
1821942
592282
1842786
1911151
1833315
1780418
1908843
1774268
1911409
1910426
1909588
1834961
1851254
1915378
338985
1911304
1909847
503722
212274
1841682
438426
1836116
1851339
1917271
1852379
1849740
2530426
1916134
1910937
1911700
1908841
1917243
1917273
1910437
1836355
1917552
1909390
1780275
1901918
335772
1915471
1917157
434307
1911267
1911407
1820507
1915920
2174343
1837202
417233
418103
418231
216101
333043
1326981
1847426
1837472
2107133
134424
438185
333765
1852545
1908541
1902746
1911482
392146
334563
1908773
1837468
893522
1902554
1909413
1910512
1910324
719856
1909609
1915751
1818007
217714
1911636
1901279
1817444
1840635
1850898
1825181
1850095
5695348
1828390
1872666
4969503
2514910
4263924
1463879
1516412
1825237
4198100
1842756
1911325
1851881
5537620
1834381
1832468
1901638
1000339
1839957
1850641
1836856
334981
213647
1448542
1910369
1909575
1851363
984370
294
1852665
286462
1852089
1910617
289663
5689951
4393103
1851732
1851929
1902091
212256
1902720
724196
1910882
1851502
211944
1851100
1826218
1915425
723605
1329659
3133056
1508230
1833997
700476
1909580
1901669
1842371
1870186
1851406
1902714
1812888
581179
1908811
1915915
4406368
1908630
561387
1915208
2794474
1915307
2519917
1851728
1911297
1915506
1901252
1910055
1915914
286727
1917220
1779345
1902718
1915204
1817456
1909379
1917268
1902753
1910059
1917275
1915909
287071
1841749
1849477
1911296
1911746
472468
1915375
1915927
1917164
1852269
1916169
1909857
1908551
1910481
1916147
1909582
1917161
1908360
1915904
1909576
1901861
1915924
446313
1917547
1915912
1917246
444432
1841619
1828841
1834495
1908538
1915381
1842246
344452
1840949
1909173
1839444
1901515
1326841
1842704
1837694
1835497
1910643
1917119
5344458
1835159
4338292
1839939
1839579
1846496
1834306
1908800
1876658
1840170
3198682