1833178
1837102
447353
333707
2533129
1812738
2643421
1911547
437656
1828781
2511244
2518918
1836613
1839682
1838823
1836538
1915383
1834118
1218161
1915236
1847939
1822021
332894
1833587
1819719
1851311
1834490
449513
214957
1812969
507730
1838034
1908550
1902681
575687
449216
385369
2112034
1844497
1837793
345405
1328905
1871902
332991
1843867
392610
335257
1910130
549827
289129
288784
1326266
1840925
1909773
1836939
1911571
1908317
1836584
1916129
1910443
2091210
1909167
2201931
1278362
1911642
1909395
334881
4608514
1836935
1917241
1901619
435959
947563
338699
1901370
1829707
5022398
1916144
216025
1842740
1911693
1910067
1815245
336235
1774508
1902294
1840874
1910212
1909577
1833137
1908399
1835764
1823383
418103
1836800
1829694
1987183
417197
1915902
215124
1902700
1915930
525023
418231
1323876
895288
4611096
417233
1851255
1830547
1841574
1885302
1867929
1851209
5742832
1917461
1910056
1901491
1910590
1909583
333250
431051
1839353
1834148
216101
1908846
1847426
2291346
333043
391151
1829074
280077
1909430
1908542
1901844
1916141
1901797
1326981
1917434
1774615
1825819
1901894
1911045
335941
1910188
447212
1328535
433366
1838822
2538614
1841710
1836221
1916228
1825068
1910562
1910441
1819707
2181096
4472637
1917113
1851317
1909330
5653148
1901912
1816022
333765
1911715
1908698
612528
1909581
1774664
1915067
1908543
1915379
1917169
439269
1915910
1851069
1818149
1743634
302347
1818890
1840767
1463555
1911435
1911262
419242
438185
608554
1851702
1836893
430462
1910464
134424
913633
212068
1915942
1915762
1917229
1909334
1901892
1915932
1868923
444068
1838024
1909645
1908540
1915424
6030835
1910052
1916140
1837468
1908541
719856
1902539
1852545
1821632
1901887
1915427
1446245
392146
2552082
1842275
1911482
342522
2491394
983081
1909413
1866283
334563
1851709
1911402
1326645
1908773
1837368
1915378
1850603
1774617
1902746
1814567
592282
1821942
1910468
893522
1916131
1902554
1910512
1846342
1833758
2654421
1908840
1818007
725147
1917284
1915513
3194829
581205
1910456
1911399
2176001
1836980
1915382
1780418
1916137
435585
1909896
1833315
1911636
1901885
1828883
1909609
1825237
1909900
1915757
1870475
1908851
1917271
1828390
1917264
1846416
1908843
1908841
1911409
1917442
1915751
1908795
1908539
1901720
2530426
212274
1817444
4471283
1910324
1917266
1839041
1917438
217714
1850898
5695348
1774268
1840635
1909390
4969503
444433
1842786
1825181
1911304
1901279
1909109
1916233
1917273
438426
1869310
1463879
1916134
1834381
1836856
1910459
1910437
1836355
1516412
1836116
338985
1879001
1908845
1842756
4198100
1901638
434307
1850095
309661
335772
4263924
1839957
1872666
1909588
211944
1841682
1915760
1867034
1911151
1910369
1832468
1915425
2514910
1909847
1852061
1911325
1851881
1820507
1834961
1845930
1915311
1902720
1851254
1909575
503722
723605
1909580
1915471
1910426
1911700
1851339
4430741
1911407
1780275
5537620
1910937
1841749
1000339
286462
1917552
1850641
1911746
724196
334981
5689951
1842371
1826218
1448542
213647
1852665
1851100
1917243
294
1852379
1917220
1911297
212256
1908811
1915208
1910617
1910882
700476
1329659
1870186
1915915
289663
1908832
1852089
4393103
1851363
1849740
1915204
1779345
4406368
1833997
1851406
1851732
1901669
1915909
1915307
1851929
1902714
1901918
581179
1852269
3133056
1909857
1508230
1902753
1917161
1851502
1915914
1902091
1917157
1908630
1917275
1915927
1915375
1909582
1909379
1910055
1817456
1901252
2519917
1911267
1812888
286727
1910059
561387
1915506
287071
1902718
2794474
1908551
1901881
1917268
1909576
472468
1916147
1917164
1849477
1851728
1917547
1910481
1908360
1911296
1901861
1916169
1915924
1915920
1915904
1915912
446313
1917246