4557402
3861962
5222163
5026451
4072880
439281
5818791
2745403
756659
4313205
2999151
4090215
3351979
5257630
4586773
4453673
3478285
759445
3737908
2736120
5778135
2744907
4700968
5263784
4614213
4051174
4027760
3358971
5414456
3223052
6039911
2929214
2988682
4271827
304747
4624708
3193382
2979604
5060351
4822123
227814
3838839
3347698
2739313
84500
4444934
3690341
3198469
759447
4739843
4825226
4339729
4888051
1503013
4078060
5203667
5871958
4745658
3567364
435583
3192274
3622232
2743750
3833206
3841818
5085567
3486473
2687016
1206321
4125737
6014912
2394129
3417396
435590
4083296
2393850
2767780
4547087
4455031
4308695
436470
2763816
4854567
441131
3953392
433153
437375
305126
3575575
3069181
5613765
3472591
4394798
4336047
2735427
4404109
5485861
4468310
2878133
2968536
2765306
3854997
4858767
4456530
3282751
4329143
3956065
5164195
4679383
5085925
1060148
2978278
2822780
1576844
4181424
2803932
2822525
2889886
4735693
1145662
5607653
4399499
5525966
2723535
4242661
4888980
4315268
5045976
1195023
2869072
3805843
4550380
2804552
3207875
5763997
3114580
1018576
3371993
5604580
5450379
2905539
5445801
1190642
439166
5202484
5939786
3974104
4733463
2766897
3358488
5877923
3358489
4110153
5122903
2707897
3206683
1046937
2688663
4104849
5550164
5205288
2695907
114050
44366
1653277
2717031
4027600
1099828
4377498
1741742
3618632
5959499
5678887
85900
2783371
3849863
5259941
1575220
4106148
2756332
3478240
4380981
4544183
119570
3486378
5214221
3971433
441129
432414
2533037
1499190
284207
2843737
440088
1575706
5234235
433085
303403
4727347
2936184
1576176
1693026
2740552
1576867
1576201
4578505
3150441
5418884
2959881
3385274
3974086
5731275
89261
3783126
4923677
5075701
4928131
3072705
4390114
75420
5279678
2979557
4180791
3930209
2468688
3187047
3222924
4031807
4015938
3277227
3331650
3636901
4166808
3009327
5213484
5499452
3030760
4467959
4557009
2835085
3703607
2804471
2906222
3148107
4019163
4090224
5234480
5846631
1585554
3512669
4026199
2822863
4389349
4732461
2808732
4019967
5226976
5819320
3974177
2421167
2846462
4552726
4934677
5464752
3104687
4022456
4602532
3244571
4456001
5263075
2905580
3225581
4263878
5348724
5462082
2808503
3549633
4310095
2880064
4133284
4501765
5200574
6049986
3242430
2872320
4191646
5007946
5241962
6062462
4847254
5592592
3905945
5712823
222116
3454446
3648455
3835899
3169336
3919996
4391852
5666732
3286887
4600408
3428455
5643558
3499597
4262678
4392167
4935496
5661994
3769093
4172292
5992353
4409403
4634113
5867897
84465
5096029
2905573
4691834
5451913
5281710
5288318
3170788
3843702
2685918
2900408
3504046
4577966
5627649
4897741
4547966
4596318
3271479
5133287
2753681
4559214
5620331
5760541
2693588
2822746
3148625
3619023
3902876
3251446
4270811
4633614
3772991
3948763
4733526
5074824
5571937
1122108
2808592
2953463
2963762
3068003
3212695
1948556
2694586
3441623
1271580
2702687
3041447
3525166
3570919
2724069
3329512
3946681
4409961
5317302
1703219
4039390
5479029
5926028
4727902
5417015
2749851
5972563
2893942
2930004
3063470
1577268
2443506
4756507
5144262
4587669
4377330
5526908
5968105
2721235
2925402
4240672
4561090
4953555
4496606
2753459
2768025
2804537
3334395
3611873
3878190
5531776
1576294
3314836
3989454
4242148
5714303
3287002
1494489
2750828
2888005
3763364
3937628
5783342
3682845
5122934
5204707
5646567
5984621
2693189
3391914
3468768
2854253
3454352
4824764
3727134
4122536
5802056
6021146
3334287
3334396
3360747
3816418
5477565
5949212
2723683
3682518
4395392
5600097
61633
2749330
2776344
3713564
3739961
3925734
2460798
3161824
3446279
4177767
759893
3769205
3058012
4091407
4966303
5599445
227831
1297398
3434563
4179048
4378260
4505523
2700106
5069873
4808793
5290959
5511972
2696307
5085405
1649004
3184096
5688037
3785139
4327592
6039862
3362890
5184096
3277478
4001698
4394767
4519730
2777955
2853341
3184903
3478483
5490961
4149919
5069099
5785514
4083323
4296071
5660542
227579
4191952
2767786
2937521
4734616
5161120
3381420
4119636
4172516
4141622
3286556
4120406
4554126
2816945
3155190
2904088
4025842
1649279
3202362
438769
4572185
4689519
3977638
4436051
1575317
2734060
3293922
4552391
5110263
105906
3495794
2686767
3775518
4215263
5388092
5660063
6011564
2933958
4857643
5088660
5265766
5273337
4395837
2822996
4325486
4380682
5089547
5147741
6031797
2703421
2706745
3222589
3421931
4614437
3225830
3780802
4816097
1089927
4061186
4557718
5882249
432415
2684165
5494006
2717027
1538710
1575343
4090496
4434160
5326864
4410087
3411650
3277408
4146625
1096058
3956988
2693597
3594417
6035089
1019318
3955518
4665788
4739896
3002630
4387333
1576609
2779298
3293652
3903519
4815898
438227
3336626
4375858
437594
5564724
464442
2978805
3629502
3964186
5372387
3669264
3973696
1740203
5876882
5965062
3602310
4641917
434507
1718476
3806173
86422
3414014
3921024
4860268
2822143
105071
5380530
5630378
4193698
3973965
1647633
5495843
5707990
5871956
3413722
1575810
5074866
486570
5692350
305746
2703832
4785722
2715445
88253
2695188
5267934
4120982
2103243
2494057
2744334
4327485
2381682
3655702
4003333
3622398
419969
331153
2294167
2936243
1068199
2761598
5816457
4264190
1575307
3987126
3447803
1637439
332377
1575710
1637220
92084
3846247
1635002
437833
2747756
1636158
1578714
1578918
1639481
3122881
4310999
2976880
3045329
4678323
5413622
3368221
5253907
2976754
2976869
3089541
4367259
4946928
3038564
4270880
4298850
4367584
3617853
4180790
3392143
3585100
4417207
2828650
3512858
2976868
3898721
1918259
2911771
3292006
3379306
3621700
4894174
5348150
3675651
5592618
3104846
3420075
4811604
5616115
3624402
3816292
4088478
4673342
5061835
4134257
3607145
4333657
1295528
3744327
3974107
4090645
4725194
5169821
5423898
4468847
4514150
5283342
2966793
3643971
2839118
3365988
3390304
3990146
5315417
5873246
2940742
3431499
3513054
4061898
4975001
2953251
3496839
5333602
5701583
106193
3549266
3712246
5795012
3023017
3035275
4260664
4542109
5434783
4012805
4395695
4550170
5234496
3387393
5067307
5545771
5846709
442062
3602148
3963561
4622428
3104807
3813162
4261408
4620464
4736255
5277217
5915680
3429941
3650169
2984739
3983466
4428672
4490122
4521301
4783881
4897098
5284779
3610047
5167820
3312249
4137817
4227119
5150966
5419851
5471496
437705
1545401
2713132
3101797
3948078
4217801
4517234
4660020
441913
3644457
4579706
4668770
5818682
2009656
2929310
3464710
3880706
4012728
4843629
5202075
3842681
3991240
4068859
4189823
5084556
5571723
5782284
5934676
6024345
4723042
4971875
5035031
84898
2839716
2894113
3053848
3226561
3462748
4384219
5767141
5835488
3042537
3277433
4120018
4188293
4901357
4928500
225740
4059006
4893690
5120063
5230327
60607
436173
3821259
5254389
2941357
3329488
3336335
3727075
4266230
4562570
4573027
4635762
4643031
4862123
5884490
4680136
5135875
2965874
3128651
3243590
3479747
3677899
4017872
4329510
5160680
5181236
5249543
5972837
3168894
3706786
870515
2885810
3113925
3268202
5414923
227465
2778999
4110668
4314901
4410266
4598616
4911387
5365823
104220
843945
2780053
3019305
3683919
4429835
4532861
4865627
5141778
5451293
5464603
5560425
3023288
3026910
3169219
3414747
3416882
3703195
4343637
5028155
5385543
5850402
5855500
5988572
4550168
4758165
5201506
2971005
3222907
3972659
4148553
4170771
5007053
5244517
5954151
2880501
3704015
4110642
4118189
4327022
4922098
5240147
5312416
5317053
5396895
5397241
5532306
5620232
5831671
5876699
859197
2830837
3118308
3130907
3347682
3521649
3646142
3959009
4229390
4982721
2703311
2738599
2867777
2905462
2960666
3578778
3827673
4067837
4540954
5813618
2870929
3160612
3339363
3983568
4096749
4631463
5097715
5327889
5479773
5635210
844114
2441130
2805765
3174939
3277415
3821839
4089660
4490523
4769107
5832457
2808235
3046016
3536148
3834513
3876321
4026026
4213110
4221581
4280463
5186723
5333888
5677770
2808480
3199907
4548293
5253678
5417051
5532705
5585040
5741413
5780051
2729353
3072656
3233337
3877397
3999969
4330422
4426162
5273454
5410214
5486521
75001
2856423
2878132
3560127
3682600
3772440
4135027
4436605
4543392
4876791
5017469
5845086
5884995
2841729
3385878
3387353
3824837
4120961
4203069
4336270
5189510
5617974
2728315
2790941
3090859
3516923
3614593
4472330
5968467
2727373
2757559
2790925
2925624
3863621
4030248
4031779
4061623
4486009
5203249
2975579
3527421
3606845
3798216
4077931
4254514
4464730
4483822
4605480
4717000
4989292
5386786
5708925
759838
3051515
3286956
3711154
3726135
3976233
3990116
4332633
4516616
4745694
5822438
5972561
2851861
3174593
3421248
3729122
4347661
4404199
4975727
5421787
5914707
61187
3713864
3859219
4135228
4713049
4898496
4936995
5413744
5580766
5717816
5961798
2695417
2710564
3150998
3700059
4029220
4622171
4696865
4703028
4755856
4899817
5015167
5408550
5550538
5595728
5684666
2709157
2900768
3925656
4898500
5393564
5422325
5886613
5892208
923437
1575717
2941679
3930201
4636308
5023282
5058371
92067
227673
2701642
2764030
3356096
3494202
3846095
4211067
4316992
4494783
4630895
4809212
4982459
5275099
5970861
1657891
2724784
2845510
3410230
3772127
3916236
3919293
4061202
4278820
4639555
5045398
5458528
5529500
923517
1017971
2523652
3458941
3632314
3681659
3922203
4284586
5073362
5313119
91042
103991
2805564
2898100
3032469
3127823
3362258
3489363
3680559
5346726
5839134
2706093
2804449
2925236
3374721
3659759
3767611
3799622
4526881
4796815
5252022
5548847
5896767
6048560
2919886
3202612
4054670
4250625
4320435
4328716
4503497
4595581
5582601
2860147
2923887
2967992
3525016
3748389
3982706
4039691
4170472
4178975
4218989
4273760
4297249
4618421
4825469
4939885
4980867
5085173
5307914
5322968
5347264
5469317
5494530
6028470
2749006
2822180
2937509
3113860
3866358
4063709
5590185
1211066
2707710
3277533
3788285
4174459
4268535
4282959
4562106
4614721
5509840
5928522
79811
2952562
3226955
3340922
3963345
4892052
4902113
5890928
5995517
1575515
3086018
3864715
4280133
4395697
4405724
4465129
4501290
4630919
5634946
5743284
5752939
6017302
3472739
3663865
4580164
5145439
5206703
5862053
5921722
5997533
2781651
2804312
2963761
3148084
3222785
3226183
3351363
3931012
4336254
4388615
5626680
5755745
5937232
73786
926922
2775663
2792117
3149921
5069860
2746352
3203003
3234091
3372190
3766193
3895574
4500646
4559086
4631164
4882023
4955883
5083378
5722941
844540
1609772
2369914
2713852
3164312
4138256
4205602
5330648
5795484
6026810
2746894
3621092
3860274
4026153
4728726
5438258
5478249
2712415
2790861
2868346
3280350
4220618
4331870
4517936
4547613
4729807
5729375
5916643
3223873
3888977
4074688
4195049
4731427
4812639
4960376
5264445
5498835
1245006
2689077
2746033
3347791
3395425
3678319
4055155
4502617
4892899
4921384
5061075
5234720
5286083
5403440
5536227
5604140
3705920
3812455
5690151
3045974
3567306
3955282
4206827
4598248
4616847
5079423
5424116
5746042
5763442
5999849
1750907
2755931
3106850
4184507
4430279
4465010
4671478
4990690
5084486
5139877
5333238
5385164
5603843
5871097
2708784
3174459
3200817
3219362
3701215
3813033
3865590
4284642
4288003
4608783
4982331
637901
1659848
2468430
2729149
2860587
3561711
3918614
4498274
4650160
4988241
5494264
5515276
5847515
2690290
3066955
3093402
3801781
4094609
4747085
5253827
6027536
2462044
2715755
3114566
3372428
4739073
5519603
5573001
5580806
2686393
2713259
2997070
3046301
3850553
3912699
3969743
4183259
4983461
5092981
5599434
5947654
1575372
2745225
3214528
3269335
4038111
4676544
5588928
103905
2689056
3391404
4019724
5261327
5528040
2746772
2762396
2844834
3106090
4120531
4191468
4389175
4766345
4858540
5229638
983521
2889866
3287064
3675063
3768969
4370356
5000275
2204485
2693740
2725975
2925281
3831410
4156183
4164584
4289733
4968639
5155080
5813894
759446
2698737
2715114
2754973
3206623
3226454
3307116
3329496
4104406
4383802
4433941
4618017
5214882
1017863
1495447
3156907
4021254
4028952
4266501
4447854
4791765
4896086
5089393
5542992
216893
2079306
2434136
2815866
3531983
3946603
4169686
4363530
4386259
4447213
4727059
4731892
5733656
5981739
6049980
924049
1483150
2666119
2747314
3226558
3315685
4003582
4471040
4548453
1536499
2685047
3222797
3239821
4156357
4475479
4826563
3286871
3731561
3763733
3787502
4417562
4518059
5199757
5834800
5859768
267687
2746573
2823036
3975253
4093587
4106156
4208573
4377829
4618379
5479703
5509719
1952832
2828670
3922684
3955464
4028196
4531411
5093887
5265735
5316235
656539
2683361
2771105
3179752
3238256
3445789
3845343
4199845
4435418
4623302
5012075
5071028
5953555
2299498
2451684
2709882
2718095
3105969
3663628
5416309
1670834
2540684
2806855
3247907
3334415
3698349
5382150
5794708
3799551
3866777
4024330
4060864
4141711
4200012
4582593
5618162
5786810
227260
2704173
3148620
3222866
3237172
3334550
4077069
4213411
4339279
4381215
4698604
4763572
5396490
5805839
2936183
3308843
3325423
4015320
4419580
5205394
13207
2707433
2799971
3308800
4033917
4626638
5119078
2760696
5829336
794971
2694298
3056656
3650838
4236435
4554017
4596795
5511612
1575812
2697273
2706716
2749439
2876757
2886708
3377537
3422504
3562380
3959302
4073355
5094863
5186240
113820
1476812
3222834
1213240
2173429
2715155
3844389
3888971
4074329
4260231
5326826
5584861
5817550
3893325
3929897
4800353
5358081
5423058
1577544
2990293
4445539
5423276
1578175
4388966
4615788
5257791
5544339
5564930
1576997
1577541
2830546
3162122
4027672
4464212
4616168
5212416
5352937
5587679
2697117
2719153
4689164
4807765
5331246
2063331
4263640
4387650
4474658
5727231
5919980
3242575
5509106
3128664
3891245
3892668
4640245
4817177
5232642
1651922
2709616
3332650
4006828
4901138
4908127
105168
302109
835432
926358
2718997
2820790
3292637
3481008
3669978
3786526
4327715
5700160
1984310
2696078
2814753
2929908
5160814
5505737
5555994
59809
1425395
3315479
3348709
3363964
3416900
3824569
3982826
4399525
3287785
3876516
4117528
4860548
5092595
119569
2777192
3923491
4920773
5074477
2710713
2727612
2750371
2768579
3607059
3609752
4488588
4603553
4649639
5307136
5734092
5774456
119610
1553687
1577839
2782212
2823010
3967381
5162857
5330816
2079354
4022014
2703857
2712227
2722274
3644352
5682090
615087
2770797
2822997
4919071
4987924
5580216
212957
1659857
3324891
2707025
2754807
3267960
4378791
5668066
442255
2804376
4355391
4678595
5782678
775895
3956647
4107608
4734290
5043564
113754
2463601
2738750
2807487
3195666
4253051
4505063
3704422
3802784
4034203
4147909
1754861
2734349
3309001
3882303
3295120
3379508
3486761
1576689
2904883
4450099
4906987
3152531
3693589
4010116
5122893
5248569
1420435
2729242
3123237
3779077
4181661
5123947
2772713
5070697
5142217
1333872
2727623
3297480
4052800
4069381
924163
3114903
3192426
3329333
3426665
3809054
4286282
351530
2749615
2755729
3617705
4387270
4557731
226965
2804817
4040673
5251362
5416334
1640510
2782394
2798958
2993050
4289761
1220608
2702238
3694753
3965695
4142276
2889523
2904783
3977005
5215449
5754707
2730491
3867704
4036145
4588339
4939254
1576025
3953436
4485712
5043847
5942984
2035926
2720166
2722195
3743326
1642693
2695405
2904085
3329553
3427527
1663043
3488822
4376093
4963519
1576946
2730783
3269406
3611333
3917568
4904087
5816619
1754741
3751893
4123283
2123989
2715329
1671560
3200182
3286862
4023349
4038659
4434679
4545763
496162
2733009
4097672
4143551
4902995
5315056
5619689
91413
1355853
3747902
4822665
5583455
5861442
5958174
1636554
2736555
2784369
2904122
3627140
3923153
5466443
5809087
5925602
2819254
3358675
3877653
4813641
5970310
2439024
2719507
4378726
5870224
3742969
4074398
4173428
3198353
3329598
4074120
1577390
1586501
2396676
2750098
3116578
3245052
90372
826952
912289
1576150
3913382
5272520
4205743
5589140
1578595
3347821
5835247
759908
3287114
3896147
429525
1431715
4464287
4778747
1037716
2293736
3881596
1819524
1578519
2470920
5473591
4265473
4387568
4939081
3260911
5588535
4058577
3448457
3479012
4503554
4396917
5042325
1578521
1756952
2703790
4073923
4557485
100211
784337
2930008
3960049
4447335
2884412
2894193
5294103
2796141
4097343
4710351
430627
2763137
3554648
4551338
1575407
4174395
221996
1004561
4381391
4005019
4050036
993549
439293
3396118
3962001
30986
3626371
4083096
4581892
2720148
2769972
3432448
3759301
5360965
5071388
2760508
3524808
937988
1636651
4072039
4376210
2779160
4067468
436902
3612282
1575678
352045
434505
1771269
741524
4221828
331274
3947866
4496307
1639287
4349892
44386
3308892
1883857
434745
5832716
434043
2712380
3174458
4469783
4615280
433622
4592615
4979563
439044
454697
1575993
2822342
3344152
4635957
1635627
3964885
4221901
1575877
1577402
1577369
3672166
3520461
331593
1578864
2380689
4984126
1705302
2123403
3734844
2741463
4556999
4018861
3991996
1859571
1578268
3721989
3463068
5587171
2566317
3470314
3538664
5063375
4678301
5610106
5886031
3920459
3583415
2832630
4048834
5615844
3688351
5642127
745573
3121544
5012660
5613008
2723094
5481185
5616157
744016
3072328
3236174
3331605
3435590
4272407
3254305
3483120
3885546
4682983
5347409
5541726
3353793
4201553
5447772
5476794
5882284
2936179
3001516
3137708
3221810
3687951
4173721
4950736
5616444
2969510
3142565
3374131
3682075
4211738
4414388
4718562
4858139
5097687
5653622
2943410
2976679
2980191
3122381
3138233
3229917
3333684
3479077
3768817
3868320
4229528
4307553
4308999
4632837
4785664
4859290
4999255
5607414
5617761
5732496
1474344
2991571
3137698
3198998
3231859
3367422
3447705
3522787
3741082
3914738
4209614
4509577
4778574
4870442
5108825
5547631
5752397
1020610
2955027
3022059
3138209
3183263
3229666
3231681
3333400
3372172
3464725
3571951
4213057
4430834
4453149
4506328
4682888
4923591
5290836
5607425
5736001
1904556
2966716
3045630
3075589
3137897
3138232
3138408
3354740
3546724
3735651
3913432
4208250
4210859
4298642
4417043
4441106
4441527
4445181
4637371
4816864
4839787
4854597
4875448
5158561
5343819
5344815
5368596
5636808
2994505
2994567
3028513
3072099
3221458
3221475
3221724
3254577
3706669
3738279
3887459
4087360
4227318
4272817
4290544
4308272
4417266
4447883
4575675
4856781
4938474
5323045
5369877
5729890
5737166
5744918
5752405
3127840
3137982
3139095
3183220
3183250
3221491
3394643
4024296
4208445
4209759
4266493
4301326
4393436
4415560
4453249
4504105
4508217
4626603
4869026
4922944
5090523
5158289
5197018
5256749
5468963
5616478
5729176
260997
2833125
3072258
3138086
3215250
3221636
3688437
3689985
3736769
4443032
4564075
4640123
4927195
5407148
5415565
5464497
5468417
5612992
5617402
5696736
6051805
981286
2833078
2835405
2845278
2976862
3073387
3139072
3229729
3333687
3551385
3590066
3624777
4177205
4201415
4267220
4344577
4494043
4505761
4626667
4732915
5204899
5351903
5734079
5734705
5969732
844558
1036514
2832620
3022089
3044300
3072296
3168080
3183337
3229793
3512379
4216967
4303143
4417205
4639734
4742398
4777657
4783312
4967197
5346300
5470802
5483130
3133100
3173236
3333800
4203134
4210880
4415654
4415674
4724399
4787237
5196921
5642093
2966765
3132771
3134513
3143440
3183278
3292037
3333393
3820762
4027030
4309057
4432679
4494335
4563252
4567781
4568354
4591379
4592751
4728265
5293144
5866300
2976712
3073310
3183338
3230224
3398086
3416795
3593303
3693983
4098661
4214697
4675015
4931563
5027243
5486439
5502464
5757787
7850
1554624
2926673
3132238
3132806
3138417
3568866
3821846
3904465
4066324
4414915
4514937
5003096
6004384
6052364
2832832
2913101
3028712
3150547
3425384
3507332
3700438
3807705
3843697
3981012
4036420
4259330
4367748
4954479
5117610
5191679
5335848
5388781
5497069
5654697
2969429
3133020
3202271
3285410
3367230
3387403
3401861
3486048
3952641
3969652
4184015
4491076
4560546
4936279
5322886
5414084
5874855
1904648
3162328
3388580
3395041
3661950
3920856
4008985
4079808
4098371
4190929
4241816
4713535
5003594
5026475
5116477
5319881
5491416
2833123
2860114
3085445
3292396
3369867
3392555
3506644
3506759
3706129
3760420
3903544
4367581
4559150
4560673
4562437
4743232
5265380
5564096
5680909
5941428
6033905
843402
3132788
3134171
3644006
4034278
4193240
4207169
4249936
4268676
4837960
4990500
5615950
5729007
106384
431316
841856
2755842
3305606
3480365
3570640
3614130
3652520
4079940
4087660
4211233
4217254
4240421
4296975
4525089
4608523
4679021
4753917
5003889
5456895
5469499
5698667
5711401
5909846
92273
840757
843126
2820678
2901590
2976879
3044413
3251586
3378526
3794712
3862934
3947599
4031765
4288499
4445675
4867673
5566126
5575165
5790901
5852730
5876333
1131762
3044415
3292110
3381353
3396347
3415682
3463507
3519655
4096009
4171393
4307510
4816147
4912866
4958358
5564206
5610643
5630591
5706950
5719608
106462
843809
1749613
2925264
3162280
3289001
3449235
3547479
3938185
4001455
4002706
4280650
4310187
4728240
4737662
4951032
5006712
5531837
5909815
3063621
3547041
3906357
4166833
4305851
4350344
4377504
5026454
5181475
5516565
5911665
105049
840662
2804564
2857402
2923663
2956772
2990957
3058178
3120780
3150142
3413464
3630606
3654916
4059581
4580357
4631379
4817351
4920973
4948994
5067468
5522281
5602311
5876842
5949618
84380
2808699
2991969
3266792
3365944
3399905
3453009
3514818
3634322
3776483
3826446
3861669
3862008
4119581
4139788
4294256
4330981
4402969
4807449
4870248
5315947
5328901
5377087
5474978
5606315
433844
2702638
2766443
2937434
3004318
3058525
3635501
3643882
3926410
4240173
4318226
4590105
4594731
4595274
4615127
4678431
5014607
5106566
5347328
5413508
5968209
60213
84858
744674
2942120
2964385
3429178
3540813
3834859
3881680
4094098
4132981
4141464
4165137
4241871
4434004
4568191
4638337
4849817
5292381
5579656
5638192
5857851
5998891
61757
273698
842550
2863420
3223258
3306168
3339411
3425707
3431409
3476188
3583925
3650641
3671242
3675559
3933587
4158064
4414336
4429036
4748241
4753947
4870417
4930582
4932436
5092207
5361819
5737683
6035663
6056093
844053
1657820
1918677
2963772
3191285
3385058
3464491
3578148
3589482
3592218
3814875
3918954
3931890
4245277
4360483
4672764
4759250
4933389
5094058
5308837
5310654
5337267
5400675
5401653
5492123
5762176
5787271
5805659
5821407
5866636
5875615
806550
843983
890785
2863469
2985216
3001922
3291944
3577015
3706064
3723710
3779212
4001649
4158217
4306513
4581435
4651334
5299009
5315788
5441096
6053487
789246
841708
842603
3714136
3815914
3917957
3941936
3967207
4069572
4174525
4184168
4205234
4251784
4364572
4445059
4538598
5094938
5097120
5250573
5278768
5364270
5487165
5709623
6011020
6033011
6046651
841370
1601748
2911868
3047103
3053751
3378392
3444408
3524634
3811760
3932905
3983222
4176280
4546363
4657809
4683333
5350254
5467679
5871805
6033932
6037789
84333
84857
558810
1537912
2615543
2756532
2971932
3429168
3923514
3987729
4091949
4094106
4453026
4470319
4751050
4768534
4826495
5013102
5024995
5106895
5183664
5201528
5207905
5835398
842983
843360
1737161
1956054
2965200
3076578
3469004
3625958
3752013
3872201
3888315
3956869
4010643
4021648
4134822
4305746
4434691
4496431
4501948
4517077
4582268
4633637
4640655
4764270
5036852
5277668
5336433
5349876
5652316
5720666
5767248
1271725
2836132
3104120
3150259
3209177
3702279
3752328
4390120
4499153
4662330
4763665
4863174
4923975
5027173
5718835
5762067
5801949
5832451
843572
2841676
3060281
3134266
3214324
3350691
3370540
3483017
3533712
3542034
3623602
3666302
3674559
3918149
4059598
4212350
4242011
4329102
4503045
4830937
5077896
5111697
5276268
5325967
5412997
5417838
5647216
5685740
5951852
103981
437926
844543
2969434
3049931
3100337
3144990
3277249
3368235
3568464
3755523
4035499
4187300
4305296
4315625
4379061
4423000
4665998
4711095
4839024
4991911
5080229
5095324
5245071
5261730
5630907
5726984
5762007
5953882
1538195
1934600
2746708
3002821
3003113
3271496
3361208
3501935
3561654
3576350
3615290
4319711
4449992
4472274
4669668
5146441
5275222
5832832
5918098
261959
436923
2709517
2969223
3530392
3614812
3701814
3965517
3973754
4090228
4149092
4166277
4283832
4301851
4563581
4684462
4884001
5258666
5565213
5600907
5659716
5718769
5771557
5776169
5916242
5919843
6057094
730310
2869074
3168497
3206676
3211272
3357567
3465290
3594000
3615182
3757161
3761080
3878551
4061449
4294862
4388549
4596783
4677973
4839499
5209613
5384778
5460571
5728987
5729277
5936409
440031
1536355
2149825
2892036
2905388
2955666
2968540
3009346
3174572
3194210
3265365
3526983
3532912
3785538
3794205
3856211
3861635
3930184
4175496
4205853
4285569
4431569
4451562
4725728
4800415
4901509
4902059
5012335
5042392
5182905
5491800
5571046
5588894
5592555
5683999
5726886
105828
2837638
3226113
3288126
3471694
3559422
3823624
3865928
3952271
3973201
4006943
4013378
4031691
4100863
4169921
4315496
4432981
4462876
4683091
5085378
5126398
5214064
5239579
5245259
5372701
5386538
5396396
5468597
5638064
5654534
5722471
5860467
6034217
6039398
6061637
844498
858764
2775597
3042119
3097333
3125509
3260864
3632481
3634652
3699613
3958835
3995663
4086949
4278951
4315817
4437423
4454063
4463875
4559650
4600494
4678470
4828462
4928498
5104808
5213493
5414827
5468085
5476075
5482554
84515
94194
844537
1737195
2848855
2905671
3366866
3690392
3745831
3754470
3772516
3849957
3864969
3924704
3977695
4022859
4080965
4188660
4260873
4328062
4348639
4501464
4535304
4742108
4850166
5106881
5192084
5455255
5473304
5639578
5691362
5726572
5727827
6053434
86028
858557
2369986
2690380
2704404
2977618
3160044
3437859
3437932
3485216
3668121
3736990
3747925
3767366
3833733
3966356
4049691
4081636
4263617
4323385
4388989
4497556
4506825
4603794
4729014
4823621
5028029
5152355
5224563
5266838
5405783
5461985
5674034
5989718
439140
794633
2419733
2742106
2823986
3001635
3144675
3171076
3502654
3592625
3812527
4343864
4468555
4574621
4619521
4716128
4760603
4775242
4904536
5132262
5287390
5315553
5423322
5602294
5806164
5992276
6048008
441089
1537222
2145717
2930007
2937557
3151962
3187032
3248127
3342903
3398940
3478209
3632180
3718901
3824227
3976811
3983334
3983441
4062105
4261107
4302743
4430777
4554181
4563101
4657826
4701060
4776219
4984903
5247385
5259984
5377550
5388240
5696783
5877795
5940795
2783524
2909032
2935673
3029250
3097264
3165533
3212662
3370609
3403493
3621369
3818428
3946349
3958750
4032983
4038073
4048011
4053730
4179607
4206666
4340819
4736168
4845984
4903787
4983257
5210549
5211588
5438419
5451784
5589145
5707838
5864732
5968844
6055273
6055902
1041472
1480473
1599480
2828627
3106532
3292763
3434003
3542016
3677664
3904294
3917410
3927983
3998312
3999137
4209762
4358838
4377570
4404710
4496329
4577246
4636887
4685410
4829339
4876036
4903068
5314978
5325212
5476825
5485696
5486570
5805812
5852526
6015411
1053736
2433295
2704346
2759480
2888841
2911787
2934318
3170929
3177431
3417175
3426066
3562071
3708134
3771319
3807672
3959813
3977129
3997206
4152400
4253628
4632291
4693665
4709604
4919641
4924318
5025601
5181452
5217566
5291492
5315807
5343877
5448772
5500477
5608641
5699174
5785593
5849701
5904444
5986604
6000692
6032830
109720
1609098
1609253
2863317
2949548
3360750
3443626
3462785
3747503
4008519
4208744
4356640
4535684
4617143
4679438
4823587
4832718
5019209
5065198
5086129
5126579
5190390
5211508
5226779
5263885
5507740
5542080
5567412
5690511
5692791
5772836
5834679
5963439
60345
432862
843281
2797411
2807510
2928432
3104838
3214131
3251120
3311385
3421962
3491199
3581558
3628388
3677644
3925557
4013201
4024525
4032608
4047825
4141938
4256590
4318618
4430951
4735253
4754793
4952591
5042501
5094127
5283377
5412267
5419405
5540254
5624526
5784769
5955082
6015252
6049316
518357
843911
1206324
1647711
1659851
2726097
2763459
2777937
2806697
2854147
2914544
2929414
2929921
2979668
3046870
3089557
3206656
3344151
3417251
3446850
3592705
3636738
3703713
4134068
4141441
4336785
4394952
4429203
4432828
4460773
4516269
4641194
4670027
4702816
5083759
5109688
5256838
5271696
5610878
5627531
5763137
5878821
132607
224425
2354621
2737091
2832443
2893566
2941469
2941503
2965189
2981351
3069016
3130124
3160107
3174881
3212644
3364013
3515712
3535782
3624074
3987913
4068625
4180463
4325543
4439525
4459171
4476279
4482313
4523141
4676995
4735036
4736578
4793602
4879013
5141427
5154352
5216744
5574597
5588504
5594836
5632823
5641158
5677667
5697461
5888070
5992846
5996727
6009259
6056682
323406
1516097
2893669
2920801
3040868
3234813
3268481
3291565
3417677
3465246
3551986
3711732
3801822
3913587
3955881
4054025
4126115
4180249
4306620
4386596
4460197
4743490
4756695
4854632
5023456
5051868
5162667
5346334
5386858
5428694
5453133
5496159
5534430
5630361
5769997
5770010
5771031
5852004
5993356
844163
1225667
1881887
2733778
2781854
2905571
2925632
2929893
2957495
2976546
3098104
3203794
3222890
3238171
3334276
3583993
3683333
3703048
3762689
3926370
4239210
4836429
4927134
5036403
5053788
5199177
5511711
5552511
5558328
5935127
6043823
282885
429196
756856
2702908
2965273
2978963
3069832
3187427
3193504
3341478
3403727
3448910
3580234
3619859
3636540
3646829
3762191
3920983
4135941
4282181
4382197
4603344
4819786
4868423
5111559
5114496
5134520
5181340
5181405
5199127
5500738
5578732
5724786
5785690
5923881
5934910
5980503
5982135
5984541
528040
1871424
2799893
2875253
3044439
3329342
3349884
3450608
3604032
3654369
3749964
3814930
3814992
3815033
3821787
3863588
3880927
3926959
3927925
3964025
3989423
3990880
4049219
4107403
4163340
4186109
4186304
4208514
4329014
4330713
4561879
4585876
4622053
4724949
4726824
4733879
4750604
4755457
4808594
4868294
4915115
4946342
5086071
5275060
5364854
5496742
5613247
5623859
5795741
5859929
5886122
6033894
6035580
6036272
436021
757129
1704281
2692837
2733539
2822995
2879960
2906028
3102236
3171066
3201398
3230628
3318339
3420346
3438822
3515280
3550309
3663709
3813988
3876323
3886697
3935862
4023437
4027916
4128660
4257681
4275380
4285846
4334241
4444967
4474610
4531729
4548401
4617111
4618921
4656342
4734952
4805073
4857455
4867037
4881645
4984968
5070694
5112756
5235054
5257706
5261071
5267939
5268478
5323233
5333181
5351992
5542691
5590645
5610416
5621551
5629288
5661366
5743216
5767058
5778614
5861053
5861440
5876374
5894972
5899670
84443
876389
982639
1047153
1537936
2686044
2894153
2894899
2923381
2937433
3041821
3080218
3408601
3436804
3690124
3818030
3821182
3885067
3900575
3903067
4007884
4096714
4409089
4487491
4513421
4546907
4645921
4822506
4861630
4882590
4903170
4907078
5014592
5071938
5101474
5232855
5338922
5346571
5382536
5415218
5441842
5484685
5491311
5519499
5641953
5771595
5859882
5868296
106665
571140
1395542
1540623
1646070
2437426
2758879
2804354
2835390
2920967
2941384
3037435
3072825
3285802
3394196
3405626
3414375
3417342
3470952
3892727
4030487
4141218
4151479
4156528
4205453
4262230
4280326
4397785
4397820
4474198
4545780
4581239
4611159
4621747
4728211
4758943
4830143
4988576
5127656
5140869
5182787
5236744
5397376
5494615
5626830
5657753
5677658
5711309
5720589
5877114
5920727
5999927
6032651
6054343
79507
92107
2464592
2707454
2731786
2765804
2780349
2790943
2808218
2868194
2926683
3174466
3336835
3411613
3602576
3613125
3767222
3908698
3994863
4134263
4304967
4317038
4332761
4354869
4410040
4473677
4513637
4526928
4561992
4640327
4996587
5036398
5078449
5445974
5740466
5833124
5911265
6017186
84284
1143299
2691566
2695784
2804971
2956143
2978592
3052592
3053105
3213772
3377578
3415645
3481433
3490877
3610990
3612049
3638284
3700129
3793888
3827655
3865086
4272332
4339093
4403594
4430754
4439551
4552594
4592714
4594100
4821056
4826959
4894769
4941272
5444434
5793605
5866176
5942756
6037165
438261
1905451
2856324
2947512
3045987
3132403
3134280
3192423
3250295
3357810
3391743
3454623
3463628
3733971
4267324
4397930
4482346
4504617
4559316
4567371
4723235
4849098
4890333
4935507
5053888
5076684
5148412
5258560
5438953
5453714
5476891
5623477
5686033
5717755
5867733
5890179
5898137
5920555
434596
437181
1564463
1609161
1653751
2296996
2693572
2694583
2722798
2745724
2882306
3187055
3516640
3676752
3729758
3766130
3876690
3905434
3941796
4295906
4444156
4493141
4549041
4674911
4758100
4788700
4962474
4977421
5158258
5172875
5235578
5336401
5350641
5502862
5518655
5557744
5566522
5885910
103495
434452
759538
807480
841434
1182985
1601623
2344809
2764731
2808642
2815894
2847542
2860101
2870448
3118067
3178763
3223364
3239826
3239993
3268198
3383183
3404009
3409421
3485070
3751515
3765395
3824882
3875516
3959526
4062968
4080049
4104388
4110927
4166424
4409955
4450042
4499176
4507822
4521508
4549047
4691206
4736340
4772468
4785312
4820716
4849509
4898458
4967119
5002991
5007237
5070014
5083780
5244480
5499385
5500352
5731538
5755876
5768797
5887893
5994009
6026117
6039087
6040118
6041921
84368
431236
742523
757208
759451
806240
877005
2056570
2465143
2748820
2820950
2834035
2978196
2979522
3191621
3223237
3227273
3249152
3353101
3463547
3613279
3776389
3839076
4171949
4191170
4275328
4370304
4601642
4629517
4690359
4904357
4917791
4948538
5143492
5165538
5169666
5189282
5226168
5244314
5323471
5341541
5396660
5477224
5653421
5700997
5857755
5877043
5909774
5973747
5983006
5999907
929100
2038448
2715650
2732251
2801735
2823923
2828858
2829927
2883493
2991559
3050197
3158495
3168428
3247975
3287021
3381619
3385516
3387345
3450010
3542850
3551813
3660087
3716182
3733175
3758334
3777350
3864420
3944200
3960298
4049767
4084623
4189796
4278812
4385202
4429984
4447276
4467395
4542198
4651761
4684788
4693265
4740919
4811539
4920150
5036437
5087730
5162396
5289324
5402100
5499167
5599406
5604297
5688891
5802314
5900662
5941171
6009095
239597
394002
1244727
1384618
2511244
2804512
2881373
2905397
2930198
3032976
3104757
3229467
3247052
3253445
3334387
3437971
3543440
3612678
3623025
3632008
3996407
4009848
4068256
4166225
4265363
4636426
4718948
4814062
5084567
5121062
5162904
5229978
5258739
5268059
5276718
5461316
5520061
5753933
5899464
5959182
5997425
6004287
6012823
61417
227274
227346
300033
862601
1608991
1637877
1736636
2149167
2697520
2714471
2790596
2799464
2841780
2841789
2881174
3026393
3076636
3160164
3214535
3297206
3441189
3505486
3556297
3615076
3694482
4015758
4187804
4218695
4330544
4376888
4404214
4468472
4492635
4530065
4534645
4702557
4815447
4853286
4873179
4917674
4936391
5112623
5172170
5346896
5421360
5478084
5732300
5809274
1689690
1882001
2701939
2785280
2808238
2808450
2817727
2818888
2824629
2867801
2896321
3151078
3168897
3215851
3252753
3292766
3294688
3300004
3328827
3348372
3351197
3359086
3361854
3382528
3407062
3621352
3747035
3790601
3905121
3988393
4059485
4088635
4090861
4150425
4223992
4244176
4265377
4303355
4490058
4515190
4548364
4551702
4622019
4823067
4853330
4926187
4931396
4934730
4938754
5069508
5149948
5204148
5211409
5382298
5453764
5466752
5489788
5501079
5695815
5808084
5821119
6044970
75007
219361
220733
1546559
1600517
1920611
2345512
2799970
2821978
2890917
2899506
2997492
3062508
3117530
3147356
3171989
3181635
3223871
3251703
3297015
3434355
3436811
3452451
3490462
3584269
3596785
3603708
3605470
3608345
3670845
3750817
3822271
3891088
3894902
3922714
4021192
4091026
4230608
4319218
4726300
4806383
4947147
4981183
5125353
5218151
5219707
5240590
5275192
5299137
5345473
5382854
5388252
5404430
5662273
5724721
5745470
5751758
5773844
5882846
5921707
5987025
5992342
6011158
6017274
1042725
2482379
2803601
2827432
2909505
2929419
2964582
3009218
3161465
3222020
3222651
3232750
3249155
3279344
3387173
3387320
3406514
3432492
3453429
3653939
3843303
3951461
3990043
4024600
4054087
4094029
4305161
4334187
4380631
4394862
4397341
4436714
4443084
4523307
4560979
4561883
4635221
4637205
4651302
4744252
4771114
4831787
4873657
4985080
5000152
5212869
5214033
5268756
5271747
5369315
5560202
5587928
5711896
923438
2720289
2805740
2808479
2825051
2835971
2898901
2993546
3090704
3104744
3169783
3171879
3177580
3268469
3420980
3520523
3596918
3673444
3686587
3844861
3923618
3961620
4003772
4213141
4293416
4465508
4487978
5001046
5011556
5088063
5092131
5218434
5218597
5272359
5342563
5374601
5516261
5523323
5531709
5557834
5626526
5778938
5851809
5872556
5888779
5899580
5918923
229592
244737
980881
2792175
2792664
2832452
2923034
3144186
3217494
3238160
3274863
3337199
3357076
3358725
3643911
3786171
4177603
4221349
4235294
4317844
4336684
4356156
4395543
4404201
4439412
4515312
4544264
4606486
4839172
4869111
4902741
4929347
4955335
5048409
5058193
5104375
5113643
5256912
5272356
5275813
5349801
5552731
5629279
5632659
5735627
5793487
5877622
5900389
5962136
5995586
6024645
862349
870103
875997
2869052
2875326
2917862
2927097
3124361
3186391
3223059
3226167
3356446
3603997
3713887
3823061
3879937
3892224
3924165
4001408
4126165
4154327
4193199
4243380
4277013
4426612
4430575
4533359
4789727
4863811
4886117
4899436
4902785
4908829
4978010
4982926
4993029
5045250
5066875
5098889
5109882
5113824
5135436
5161510
5215192
5274025
5304451
5316422
5325588
5468747
5658545
5748425
5771651
5802057
5852886
229218
229249
1156281
1834431
2816635
2822562
2869623
2978319
3106453
3277390
3297733
3312364
3383659
3506877
3627753
3693095
3915606
3933275
4014619
4326000
4375279
4388313
4406606
4415769
4463838
4483966
4491119
4567348
4636795
4783120
4889919
4900875
4923786
5018713
5059081
5090995
5168522
5264851
5316947
5378998
5415883
5416373
5451338
5480321
5515833
5738486
5775515
5805428
5852487
5928258
5928975
5993477
822358
1098585
2066633
2712012
2753824
2758461
2893734
2894007
2899076
2905576
2959282
2995032
3244535
3374727
3512637
3531893
3562475
3726125
3774830
4265808
4450169
4451405
4480707
4495759
4586036
4629901
4738221
4797387
4801282
4803584
4842209
4852936
4972062
5078336
5088049
5108528
5230693
5249052
5327738
5413764
5479027
5487457
5584987
5592582
5621880
5630882
5632634
5690707
5730022
5744008
5846338
5858934
5883268
5894186
6032281
61443
843732
1748992
2691185
2735408
2808661
2894140
2894963
3092826
3118873
3353449
3356433
3480736
3571155
3667476
3676407
3714442
3855986
4078758
4159731
4208336
4286608
4304004
4490637
4701163
4713723
4724006
4862337
4884321
4894904
4926371
4978050
5132871
5204353
5250704
5262749
5278573
5475315
5514218
5551754
5592573
5758904
5795633
5813865
5813914
5863062
5888391
5895652
5923657
5925274
6028117
6039814
45849
229189
1072824
1086962
1315964
2743398
2747475
2751829
2872435
2926690
2989312
2991648
3003102
3042411
3046856
3073580
3141498
3209499
3212643
3223093
3279261
3285335
3516807
3618988
3860887
3965079
4195659
4238094
4239385
4388649
4419673
4494496
4504711
4618651
4671144
4830925
4844957
4852989
4860445
4893548
4935893
4979938
5018951
5153495
5162400
5215123
5250881
5251083
5253112
5308230
5360331
5487235
5487929
5539501
5541874
5635049
5748885
5831112
6050683
6059157
1586132
1698483
1740336
2710047
2754909
2804505
2804659
2852552
2905536
2921120
3051790
3271503
3286966
3361638
3369755
3443585
3443588
3472058
3490520
3522538
3699598
3733782
3734801
3738683
3795246
3816184
3916349
4173116
4193965
4199795
4262857
4374453
4494827
4557384
4691313
4833540
4865384
4897607
5315886
5317311
5332783
5386933
5421417
5538391
5594653
5601164
5694245
5790860
5881998
5887789
6024493
6056693
227999
554899
1445668
1597440
2685856
2742810
2764911
2865216
2913087
2923738
3223077
3226238
3295501
3378966
3654886
3663614
3706607
3867592
3878896
3920074
3987756
3990845
4037533
4068406
4083572
4118139
4127453
4203053
4204996
4209021
4210001
4303629
4354476
4404272
4516685
4558143
4596082
4760030
4827697
4937177
4960495
4965457
5010957
5142513
5165651
5262628
5275784
5380572
5397882
5412249
5476006
5567015
5567820
5683050
5756524
5837051
5900461
5924374
5963493
29278
593382
743831
928422
1183401
2686600
2712848
2765838
2771026
3222765
3230511
3277992
3314943
3361798
3517937
3715201
4060250
4128512
4152535
4184197
4327693
4376712
4405708
4585508
4620728
4647231
4673463
4715594
4742785
4758802
4799842
4858109
4871821
5173588
5180143
5360992
5388221
5413756
5420169
5494095
5536325
5557990
5643794
5784290
5819594
5875978
5979351
6016043
227312
227420
227720
1325036
2749798
2830832
2840577
2868533
2933989
3090996
3194381
3212757
3222947
3260063
3346791
3359838
3429959
3513172
3617314
3831997
3867707
3902620
3958407
3958827
3983348
4021623
4028051
4036285
4203604
4335034
4358197
4395317
4433126
4503112
4510267
4545298
4556702
4638030
4734687
4790786
4822857
4856876
4886714
4926381
4932670
5237634
5246804
5316030
5437719
5466722
5587628
5652114
5775511
5791527
5791800
5793641
5956980
5972419
6009670
6043695
1191092
1999782
2045530
2432174
2498500
2557021
2750097
2799466
2838908
2937043
3015850
3079494
3121234
3334525
3420524
3447375
3448870
3550291
3748300
3763441
3925961
4056270
4156778
4160227
4204491
4294174
4320256
4644660
4655733
4890216
4910500
4996609
5047018
5078377
5117245
5152787
5159171
5275771
5335811
5421762
5456539
5527107
5629482
5776424
5777859
5796593
5829453
5880627
5914960
5915860
6058245
6060049
61112
258755
790077
1425654
1751064
2710478
2727695
2736873
2806506
2935720
2976225
3008474
3269522
3287062
3350602
3360039
3361057
3372355
3417021
3450500
3495340
3566338
3854579
3875374
3944256
4012033
4024278
4047083
4047510
4097512
4102354
4308377
4355199
4418937
4447942
4503137
4516256
4529668
4559000
4604089
4642085
4693327
4696815
4843391
4917960
5015431
5101914
5123141
5145805
5163273
5251159
5279543
5290785
5298884
5331143
5440932
5441511
5449318
5487974
5623428
5628797
5877760
5947119
5995039
6043630
6043995
61297
221894
744124
1502747
2703721
2720182
2786528
2893727
2926795
3045981
3173549
3222919
3251420
3351895
3387242
3656969
3749547
3766574
3805398
3832079
3922923
3952123
3953769
3959976
3980366
3989987
4185825
4200251
4221625
4226828
4330529
4444958
4455682
4500490
4503370
4601710
4617090
4730544
4769419
4981349
4985798
5004215
5016895
5048085
5138082
5255237
5279132
5345287
5351454
5392895
5469445
5924960
5936434
5954036
5968920
5977994
1608988
2725501
2747707
2766872
2767386
2782462
2804164
2805523
2852041
2873315
3056189
3095217
3277426
3357801
3360402
3458900
3500348
3556061
3581406
3679794
3789017
4039724
4077233
4112169
4179176
4262387
4328577
4416961
4438488
4440490
4542501
4561947
4608676
4633437
4852303
4977532
4986837
5014649
5043649
5060619
5108047
5123110
5149170
5261932
5412021
5490685
5603232
5665431
5668229
5685113
5687534
5704390
5723331
5868845
5897792
5938305
6041818
513075
2688547
2701867
2725867
2741134
2854848
2878548
2878766
3080409
3109894
3155177
3212268
3258523
3334522
3432831
3460820
3735178
3883095
3916579
4072765
4191016
4292872
4389588
4688920
4696438
4752266
4766854
4779124
4795312
4809860
4868419
5122431
5200879
5486261
5645945
5667069
5672421
5696500
5766878
5769607
5775482
5811209
6058462
6062582
308498
632622
1183652
1577673
1983255
2776495
2789473
2804105
2893814
2934359
2964412
3022864
3115496
3191143
3222631
3223019
3223865
3261485
3262482
3303367
3306354
3594744
3675699
3812865
3865969
3883085
3945045
3986813
4029236
4032666
4130863
4133764
4210180
4224146
4231620
4273214
4464672
4500758
4536853
4627794
4660727
4683303
4804706
4944407
4973503
5071214
5200320
5289722
5414936
5427292
5605357
5609597
5627813
5723528
5740016
5786100
5970922
6002700
61523
867573
1597948
1659861
1682183
2735759
2776610
2795281
2808815
2860546
3031130
3033360
3123991
3145566
3181566
3184014
3359811
3395433
3402292
3520337
3522108
3534563
3619688
3732972
3977401
4003843
4077231
4180444
4184374
4186818
4255483
4501095
4674068
4737438
4807621
4899342
4925647
4983274
4995182
5066156
5090012
5161325
5280693
5355196
5482563
5590513
5630679
5690739
5779486
5812092
5914922
5989840
6003332
6031524
324608
1272477
1542471
2468048
2705294
2767943
2781801
2815369
2851320
2860470
2869683
2904101
2904839
2955431
3033246
3065718
3161703
3204658
3249168
3268055
3315057
3329455
3383408
3419663
3659439
3925806
3927621
3967002
4010469
4049850
4099181
4121970
4386720
4386945
4394116
4398319
4447381
4561324
4716364
4825304
4891129
4908071
4994599
5092318
5095566
5130514
5167585
5195687
5412114
5452144
5754200
5850177
5901474
5940644
5958032
5958165
5999098
6029946
6050673
81123
1308537
2749342
2790909
2792657
2819417
2834686
2848390
2869095
2882366
2905663
2990628
3073767
3118793
3121026
3338378
3347849
3548299
3619344
3659348
3661204
3695569
3967742
3998881
4382064
4431596
4641992
4655460
4809009
4814067
4893429
4906588
4991302
5076681
5101311
5423083
5476758
5487368
5511393
5531834
5581886
5620224
5663274
5741323
5822679
5855383
5863310
5897101
5945650
6054410
548164
754180
1669559
1701979
2079567
2687325
2689937
2720769
2741688
2756916
2788499
2822727
2850778
2851633
2867728
2879349
3005849
3347326
3747499
3791059
3887034
3957009
4069457
4385191
4405236
4657925
4694448
4738472
4842836
4896758
4908982
4964816
5097593
5107773
5245636
5494076
5522063
5600509
502427
951223
2424449
2697802
2709125
2725862
2825459
2847092
2860243
2901907
2911059
2925252
3118960
3157781
3329605
3366253
3422251
3775454
3885380
3962428
4034789
4059499
4112239
4145168
4162985
4317462
4339738
4385807
4411304
4468315
4496713
4510136
4511441
4626473
4641946
4698209
4886810
4894730
4946001
4979852
5031329
5041515
5089937
5160126
5204437
5204695
5307888
5330372
5569646
5691018
5719879
5724985
5811890
5822355
5925947
5971868
6006817
6016085
61319
75412
1223907
1448750
1503207
1735702
2401452
2419055
2427402
2915196
2919997
3094475
3104890
3256415
3266861
3286067
3291752
3305965
3336572
3380382
3465263
3677626
3765821
3964032
3999558
4021283
4089561
4236218
4265289
4340226
4377733
4504738
4593960
4676092
4702320
4733413
4845355
4937773
5001505
5040741
5157143
5166047
5179742
5310780
5350763
5413390
5422894
5428281
5440147
5484883
5516226
5592051
5864176
5894197
5904159
5906943
5915915
633390
904452
1748299
2740925
2741455
2805555
2892724
2905458
3165532
3301712
3343749
3429704
3508536
3553375
3780601
3855684
3910753
3958933
4015118
4184045
4274044
4289431
4306581
4386458
4418622
4434253
4475758
4489395
4565056
4576667
4926488
4957045
4984011
4993772
5001804
5256375
5263017
5337207
5401079
5441874
5459364
5624879
5628837
5691820
5740088
5783133
5824748
5829425
5861791
6015256
6016935
1579461
2717838
2752200
2771225
2806361
2822560
2835485
2848510
2851349
2929959
2969014
3164616
3206657
3235782
3341325
3351893
3362462
3376566
3403045
3417139
3435699
3476399
3653067
3708329
3886905
3897186
3989450
4034796
4106702
4312225
4315086
4425457
4519375
4615434
4655279
5028237
5110282
5161368
5288504
5402240
5867947
5884197
5925148
6006359
294251
608463
841699
1271903
1299721
2685497
2693269
2715993
2746696
2822536
2860149
2943064
2955114
3030759
3066279
3105007
3237467
3281499
3331938
3334417
3604009
3753132
3814078
3879333
3943185
4088781
4101302
4141582
4179997
4319924
4386498
4415552
4427024
4635144
4787843
4800193
4916989
4935830
5080397
5151600
5165319
5259997
5296544
5414838
5423604
5424623
5435489
5458150
5517876
5588651
5666970
5706260
5720887
5733685
5845156
5952242
6037209
1494048
1539327
2713018
2714852
2726617
2744189
2826314
2830793
2852156
2911128
2912065
2921377
3043091
3356581
3405136
3424925
3433233
3490613
3590004
3648322
3698816
3785689
3877579
3887651
3923550
3926296
3963367
3991989
4025006
4191625
4317623
4491407
4529622
4559716
4610661
4671416
4688314
4727414
4791603
4889391
4893641
4920627
4985269
5070903
5195639
5243146
5263698
5430623
5432305
5560593
5853514
5901506
5928395
5951145
5969672
291789
693973
808433
808793
979017
1227412
2616844
2696693
2778383
2795564
2806088
2837480
2847321
2941699
3016373
3065954
3274744
3281742
3313509
3389670
3397296
3418503
3497228
3513679
3680426
3703005
3748145
3892302
3925635
4031846
4060684
4154438
4154963
4185774
4218712
4273575
4292398
4299444
4385131
4478641
4776254
5090596
5192361
5206105
5351488
5419040
5467636
5500145
5569547
5724929
5814870
5915104
5974302
5988916
227555
229116
2761311
2792287
2803068
2897110
2923329
2953088
3135124
3241077
3457704
3885398
3891385
3990929
4110137
4157295
4250217
4342372
4395385
4404293
4578566
4728452
4783505
4878730
4966648
5139072
5195921
5248747
5288689
5293100
5398108
5401134
5461397
5600139
5637901
5697586
5709276
5897987
5898407
5938525
5969199
5979348
445470
1159262
1440806
2713865
2756695
2800215
2822403
2847190
2873156
2904953
2929392
2959271
3056081
3125168
3213109
3251985
3288419
3431506
3659263
3766256
3817787
3875732
3925397
3974977
4060953
4069483
4101690
4124698
4167116
4175898
4181211
4188747
4261350
4309756
4381435
4395872
4451054
4838876
4892141
5089471
5307276
5346471
5390036
5461848
5514826
5525631
5531979
5577020
5600870
5632718
5686224
5757285
5764294
5970902
5984838
6000391
6011848
220736
1018540
1092040
1236302
1495584
1598193
2369952
2712029
2728894
2786047
2789469
2805445
2820631
2820815
2978932
2988273
3043601
3170934
3171518
3177666
3184043
3194551
3214982
3286911
3307186
3329907
3348646
3595204
3911650
3999728
4011015
4073610
4314165
4322504
4414686
4415651
4495305
4558163
4636009
4788303
4968992
4995424
5016110
5063468
5194347
5200755
5215848
5246680
5290228
5376835
5430433
5451486
5544603
5589346
5626499
5629302
5669047
5740063
5888377
5899351
5990612
61422
89569
481374
805266
843789
925206
1042841
2440894
2519243
2700834
2745739
2804336
2804383
2862152
3235182
3280084
3347751
3347797
3593097
3608428
3946580
3949188
4061424
4117499
4138187
4187633
4218377
4319571
4377380
4395504
4419904
4671039
4695968
4793173
4806318
4819695
4860927
4901904
4993506
4995948
5001208
5053108
5077572
5284421
5329151
5333452
5335632
5441044
5457177
5536144
5630962
5650581
5659654
5815285
5861270
5867435
5925575
5969825
6043474
6062107
97627
1494904
2430827
2719945
2721833
2815497
2821693
2859420
2931613
3049941
3266863
3297751
3314193
3383533
3484138
3608301
3836871
3915234
3945406
3989153
4105091
4173086
4197113
4236066
4266345
4284655
4320657
4331018
4363998
4505754
4513393
4625352
4655572
4717151
4782970
4806014
4819845
4823595
4896421
4906444
4951988
4981745
5203022
5215254
5238022
5345243
5348880
5479837
5489094
5745074
5808613
5818395
1029249
2020937
2023664
2341978
2745061
2780654
2847799
2923741
3226226
3287804
3464849
3629387
3762390
3974463
4089564
4123569
4134456
4160499
4438839
4452267
4557275
4588256
4695291
4792553
4880052
4913102
5219942
5229872
5232103
5250052
5308177
5360213
5442612
5458062
5573503
5691455
5740279
5789296
5880313
5969948
6043138
25681
640995
922780
1494267
1555822
1665579
2420517
2695352
2726295
2735695
2822299
3051020
3130215
3171523
3201972
3215153
3244389
3286890
3362295
3455505
3463233
3491906
3569422
3797961
3805866
3871461
3950614
4020065
4108965
4110955
4139925
4210835
4282720
4285209
4357804
4389603
4501026
4581360
4583322
4589396
4622664
4865235
4924841
4956982
4969956
4987134
5011538
5013174
5120165
5213792
5242089
5294911
5307345
5337563
5505723
5526754
5724045
5776035
87605
227276
227729
393357
1045754
2370239
2689392
2737946
2746248
2747692
2798856
3115228
3174896
3280018
3431568
3436239
3447474
3631565
3710164
3730659
3744120
3838943
4040047
4058700
4187809
4332092
4425525
4430011
4495290
4669741
4700615
4722334
4761794
4825715
4880154
4900660
4901355
4905403
5008555
5091828
5221642
5237915
5335071
5449186
5453172
5519887
5521073
5702325
5826389
5832320
105862
1640757
2103142
2734612
2743781
2749419
2804156
2814158
2856436
2882688
2900765
2940747
3080282
3149624
3174928
3230395
3260569
3283592
3405963
3431633
3450415
3518647
3608138
3698560
3714805
3815269
3908036
4013484
4065885
4103194
4137574
4206118
4241574
4361033
4382655
4501255
4514429
4584930
4875965
5133483
5237823
5310553
5361720
5421289
5428763
5453633
5755040
5770292
5774502
5777269
5830371
5873991
6062805
927983
1535419
1834501
2344382
2636903
2687183
2750454
2801220
2950648
3064909
3065622
3161482
3222634
3222787
3371841
3438110
3664149
3889871
4026317
4115563
4345741
4414110
4439684
4503220
4547080
4571830
4607300
4639358
4648775
4810459
4902495
4955182
5097182
5105326
5241601
5245212
5352753
5447085
5464657
5465989
5468010
5482641
5664258
5697403
5726363
5762149
5763013
5820383
5821291
5898750
5900633
5907237
5920675
5995332
96353
392164
1019492
2748891
2769103
2801809
2806348
3060242
3261801
3272112
3457705
3579871
3766930
3818406
3820521
3922725
3976218
3977622
4129823
4210589
4234393
4240505
4293625
4318327
4474857
4621051
4740476
4845321
4854757
4856259
4894892
4898689
5070032
5075675
5174939
5341788
5509747
5536219
5577245
5602106
5745838
5810659
5913497
5942739
6015214
6017540
291411
995763
1298306
2450986
2736848
2800071
2808472
2822190
2822593
2827514
2889275
2904750
2909474
3006883
3104750
3105967
3278876
3281554
3350993
3393675
3441226
3522617
3529163
3543850
3604512
3690074
3783157
3904008
3992690
4041413
4075847
4203261
4205286
4273824
4394966
4395500
4479112
4500726
4558715
4618308
4713714
4731988
4878446
4883953
4888266
4894703
4896309
5017125
5043002
5080390
5091295
5257669
5263128
5392347
5422625
5491671
5596153
5612484
5637532
5833040
5870530
5882895
5887890
5904143
5910955
6028850
1059947
1241831
1444965
1657904
2706362
2732185
2737780
2753629
2904738
2963775
3030070
3106541
3251434
3315169
3419909
3446657
3501884
3572956
3622408
3622683
3674869
3743311
3744803
3748310
3775062
3797324
3928310
3944048
4065625
4155611
4368242
4377672
4380215
4395230
4406071
4505252
4558223
4674720
4733837
4763720
4895148
4953849
5104864
5204604
5256219
5449788
5564332
5586744
5614049
5729354
5878037
6054068
60133
91998
759578
1815650
2689802
2750541
2890667
2893438
2926675
2928210
3107508
3249169
3276950
3291035
3352904
3467906
3668818
3737420
3767401
3774894
3783477
3802214
3826186
3866862
3878874
4000874
4080850
4085245
4094050
4136847
4210869
4277906
4380913
4395097
4466064
4520979
4544169
4726788
4887141
5042627
5067613
5099152
5101163
5116438
5148806
5190968
5255270
5398651
5469166
5722205
5788275
5835400
5901423
5907087
5922868
252073
859670
1011821
1601753
1637161
1747557
1887266
2079966
2371052
2640775
2695319
2718738
2726681
2728635
2735773
2799572
2935617
2942183
2964374
2998183
3115549
3135665
3146923
3207463
3229052
3244678
3299461
3334500
3356087
3548312
3783926
3843163
3937331
3994238
3996090
4010361
4041172
4235358
4261442
4273993
4349408
4379613
4414044
4526635
4574766
4598536
4884442
4952049
4998616
5135736
5199665
5212868
5238213
5330874
5514397
5922466
6036381
226432
759769
981118
984294
1637046
2703813
2709847
2728678
2748927
2804723
2836761
2845303
2882598
2898080
2899917
2962739
3078345
3315838
3322276
3336603
3404791
3516297
3582222
3632077
3800097
3908707
3923246
3954254
3959351
4029811
4044762
4087131
4089830
4128182
4194098
4205269
4341375
4377440
4380448
4387076
4460872
4585945
4716556
4740281
4829900
5153401
5376208
5397171
5452093
5511547
5592468
5842205
5889447
5951277
5966081
6032985
255133
927587
2666111
2744210
2749657
2895178
2899388
3417583
3433223
3543694
3566094
3752590
4070142
4070896
4163771
4211457
4337917
4433053
4504313
4565364
5003218
5089207
5340022
5385117
5416296
5456653
5643065
5669985
5863091
5877631
5960796
6010371
1076923
1101649
1495370
1659865
1846738
2340217
2713382
2724190
2767789
2788843
2789640
3199715
3272582
3347720
3349828
3436608
3462506
3529941
3584536
3771517
3775587
3918679
3966332
4000670
4026920
4141398
4154241
4273232
4320081
4375861
4404324
4545270
4549924
4576003
4695388
4707866
4732031
4893273
4925089
4955859
5006094
5122386
5150413
5333072
5415512
5458339
5466109
5537695
5549516
5628082
5636896
5767229
5828289
5830857
5846722
5899130
5902360
5914801
5927118
5969105
576438
759640
822255
860130
981905
983092
1047667
1494969
1578335
1635514
2428061
2722584
2744185
2802513
2803919
2804412
2804425
2870946
2889272
3052737
3177321
3186717
3189583
3269087
3380739
3419834
3743132
3970524
3986478
4122729
4209140
4276283
4395172
4608591
4645273
4657629
4802827
4935739
5134475
5136928
5276613
5295573
5554173
5641484
5961369
5975278
16947
229521
980282
1008079
1233860
1948205
2339993
2413652
2525979
2752370
3266558
3269324
3271399
3288352
3339113
3745807
3819769
3867169
3888935
4096866
4272103
4290719
4317170
4323670
4549665
4582529
4603948
4627022
4722594
4746542
4835807
4848826
4986571
5206459
5206857
5256514
5315537
5349831
5372103
5421587
5468092
5544131
5814086
227974
271426
982756
2023870
2468907
2689225
2697393
2726827
2756173
2876131
2913491
2962569
2988448
3069101
3176023
3222926
3228086
3287038
3328867
3344162
3439917
3440835
3477501
3589669
3603834
3755620
3798811
3891983
3923996
3961546
3997087
4103832
4152378
4206673
4229251
4318338
4376619
4450506
4493320
4556120
4592812
4877769
5255575
5385684
5515103
5519602
5533328
5539969
5567980
5591110
5700286
5720634
5833224
5885369
5970295
6014645
6034936
6042327
227840
759444
900586
923389
984341
2439570
2706026
2736199
2878097
2936245
3077468
3187050
3382932
3519082
3576153
3583309
3598109
3916911
3920101
3927146
3974236
4234066
4351248
4379160
4400480
4492304
4548321
4554057
4559129
4624956
4657905
4678473
4683699
4718985
4907459
5100010
5249686
5319384
5324725
5341681
5488035
5686278
5733495
5765221
5925837
105166
244738
913242
2160783
2692175
2693490
2700015
2735352
2739770
2743329
2772658
2822502
3035661
3135629
3202263
3203708
3214547
3223085
3226104
3262441
3351823
3412714
3422479
3434674
3715188
3786501
3955321
4016502
4049646
4083764
4308819
4409810
4463993
4642639
4726636
4826704
4882071
4886365
4935721
4963998
4965378
5181103
5256237
5398306
5674751
61080
496755
632679
1750186
2024464
2079547
2733784
2740710
2753627
2778472
2822369
2822903
2829124
2905446
3334397
3405178
3482222
3517073
3825277
3921501
4078812
4108818
4138973
4186512
4345664
4385792
4684979
4691179
4740700
4828109
4887966
4958257
5079355
5168613
5192830
5275148
5283299
5657823
6000136
6011595
6055882
1056262
1125524
1327479
1428224
1982807
2715700
2744382
2761789
2778643
2789790
2850984
2865778
2868778
2869346
3208142
3222789
3226227
3369078
3559808
3769416
3926420
4043012
4066443
4069349
4075771
4134403
4134793
4142843
4197306
4204156
4296542
4334013
4388835
4393856
4464009
4515478
4547228
4736104
4741858
4922272
5259083
5335439
5413890
5461671
5509560
5625750
5631693
5730553
6003832
6011254
6032639
48163
99918
981315
996206
1814707
2174974
2746431
2756246
2794596
2802302
2808145
2817820
2836799
2847209
2868613
2950172
3158490
3314234
3348153
3448389
3457035
3644466
3684964
3917432
3962658
3970099
4034684
4205712
4361766
4391523
4420971
4485934
4639839
4738001
4779266
5072904
5076946
5092404
5094529
5171196
5172011
5266565
5400953
5405941
5422472
5514442
5566299
5719926
5720439
5763678
5885298
6041645
227646
291036
338519
598855
929007
980302
1575513
1579420
2688059
2692078
2709312
2718484
2729041
2738395
2804092
2948660
3149846
3214475
3261402
3270359
3277466
3360526
3381072
3513876
3552570
3710282
3859989
3941367
4161407
4411480
4743794
4954730
4967938
5149057
5386688
5657831
5790217
5835057
5883231
5995633
1612059
1680938
2698433
2715485
2766534
2804740
3135141
3215767
3307681
3315068
3378792
3677158
3781375
3833767
3869191
4004196
4025723
4394987
4395621
4412247
4532013
4542063
4548754
4603713
4664956
4672378
4710013
4720929
4903508
4951221
4965716
5101453
5179139
5251022
5356484
5644425
5718313
5835728
5915853
5922756
691648
894975
927979
992779
1098173
2001800
2689971
2695162
2747859
2772207
2780239
2798804
2804885
2935707
2936185
3062968
3118699
3287784
3359622
3639245
3646350
3751188
3864735
3916586
3950969
4059653
4152034
4153167
4282951
4292602
4311317
4335760
4392565
4462602
4556075
4596612
4725836
4748537
4759254
4779029
4791033
4853125
4968512
5105237
5160935
5250299
5256467
5294288
5356750
5389347
5580045
5726928
5743937
5881295
5945289
92233
291021
809201
827187
1455399
1482262
2701630
2742553
2754178
2805867
2834479
2834691
2846886
2865161
2899742
2900702
2955126
2963823
3157272
3198158
3202607
3223714
3266754
3329437
3363644
3377862
3458724
3560325
3705754
3716023
3899585
4028361
4065488
4072870
4133785
4138610
4216770
4239175
4269921
4395672
4497833
4504468
4885190
5041932
5282037
5312954
5720796
5825561
5899830
5917397
6057091
97480
104025
862295
903466
928416
1534754
2081868
2754286
2854874
3091063
3214827
3219994
3223370
3274639
3293498
3351285
3392304
3414162
3414441
3442553
3458406
3736788
3921007
3948268
3962599
4017301
4273752
4280897
4308024
4308055
4405912
4629582
4735795
4870220
4912559
4956689
4964018
5070911
5326492
5416256
5473130
5480363
5539450
5668255
5691430
5778834
5897946
5953708
6039159
74324
97214
1207029
1232777
1424476
1815446
2421277
2719640
2733878
2777740
2790933
2804016
2905443
2966609
3056193
3186318
3251432
3256560
3266322
3464713
3609855
3809532
3903529
4019532
4047496
4099522
4132557
4192345
4247730
4278772
4330802
4415719
4425953
4672198
4780896
4838148
4983864
5102375
5185856
5604053
5665856
5741713
5952892
5978220
6005352
6015343
45741
92001
300564
1047594
1453522
1962230
2144652
2804928
2851732
3085708
3163390
3191295
3206626
3284727
3453827
3455441
3608336
3623932
3764427
4009046
4035119
4038608
4042086
4113793
4128845
4142323
4346557
4380000
4380658
4502052
4504761
4602164
4857055
4922610
5074395
5314881
5328893
5339459
5347223
5689524
5832371
5890243
5941219
6050378
327015
759434
923779
1262481
1657880
1808173
1965879
2394275
2469093
2688231
2755010
2905574
2943759
3247948
3263778
3287055
3360003
3605755
3802246
3917577
3946493
3948853
3984563
3989487
4118153
4310725
4467839
4654165
4715834
4873524
4902646
5005095
5335568
5338103
5429539
5528551
5657891
5732835
221468
563291
1575938
1632178
1900158
2395824
2691877
2719327
2780125
2783777
2842041
2913931
3223818
3225832
3283637
3309227
3360785
3676481
3839202
4058518
4132796
4284451
4294549
4511927
4562044
4736734
4754178
5075102
5230696
5257016
5269893
5348517
5371817
5626893
5790194
5800951
5806062
6042534
823242
927462
928587
1576039
1578394
2709544
2735535
2758558
2804120
2821979
2837393
2936248
2963824
3222648
3326204
3395934
3713553
3926599
3946617
4274029
4288587
4314784
4370099
4388584
4408791
4563143
4704047
4734781
4833583
5070659
5081039
5110518
5272980
5416986
5424140
5680708
5729484
5925115
5930471
5969082
6023983
1443988
1576801
1669533
2561535
2688872
2733260
2735635
2789494
2873396
3219662
3223226
3266696
3295568
3300354
3332231
3405390
3653270
3718458
3726037
3947901
4037703
4161441
4277186
4376878
4394465
4399425
4566947
4610452
4745546
4762202
4840689
4965059
5024093
5094728
5150373
5257548
5467240
5511939
5545780
5555195
5671420
5749435
5889430
5964402
6017260
61289
97569
757603
1053037
1074990
1576850
1578514
2692549
2693964
2700735
2767007
2776457
2809674
2849909
2926669
2937133
3222644
3225741
3282411
3292751
3373711
3417523
3483591
3628155
3631652
3650787
3928745
3984869
4117344
4266866
4282747
4516271
4557197
5085799
5095405
5213303
5834935
5847908
5874374
5939403
6034410
239462
890912
1219744
1286098
1575546
1669934
2026227
2701349
2723180
2784542
2784881
3134370
3231167
3349172
3373424
3397802
3571138
3670387
3704581
3705910
3795071
4225058
4232722
4385885
4508173
4625557
4761817
4780305
4945412
4960397
4974161
5065370
5077520
5089198
5333858
5707787
6030997
6061785
103920
1576652
1657815
1749041
2144746
2299057
2617084
2713078
2767471
2804798
2822827
2834059
3197470
3199754
3540231
3543122
3561769
3711502
3748591
3749993
3789112
3811468
3831120
3853800
4027842
4039881
4166632
4376641
4557691
4564254
4642756
4685906
4987172
5119247
5136243
5390550
5485346
5605878
5792800
92378
227015
1136698
1610264
2012546
2414573
2747824
2751318
2758919
2788222
2808998
2872337
2944691
3065262
3103372
3272498
3349492
3388457
3534404
3536274
3634602
3650737
3679994
4011758
4033991
4098267
4117643
4261467
4295718
4595092
4623161
4627885
4673417
4677758
4801751
4908007
4964760
4965845
5063551
5082389
5281896
5355052
5412057
5564544
5680852
6025897
60328
500671
2707284
2715803
2745005
2829332
3055403
3291081
3329400
3343285
3387356
3446955
3657825
3677188
3695943
3868590
3935247
4072879
4147975
4198918
4242772
4283449
4440856
4744877
4745115
4812557
5010309
5062871
5176796
5318471
5376901
5494822
5512514
5683172
5894313
5925973
6025134
1105354
1577270
1807679
2725488
2736563
2778369
2826882
2862285
3095401
3116582
3135582
3226224
3387857
3420086
3514850
3516556
3751284
3813390
3901189
4148681
4294277
4396113
4507301
4514541
4897010
5332883
5415237
5424506
5727029
5806210
5832369
5835998
6034337
342014
1271597
1814867
2483707
2685371
2726573
2864630
2871509
3174626
3459370
3629841
3861600
3964692
3987321
4047747
4114978
4205028
4329399
4379242
4755396
4807349
5336491
5709745
5889103
5956772
2702068
2727351
2730519
2765562
2894186
2900922
3323831
3627392
3648100
3727222
3728288
3750056
3924305
3976153
4103047
4200654
4265201
4327832
4381745
4385155
4394994
4395174
4619388
4780539
4951382
5148308
5339234
5508015
5604868
5617607
5715774
5779310
5872344
5926619
6017797
225449
1627542
2124875
2687331
2822177
2829417
3103847
3308930
3309252
3355508
3382283
3782217
3828124
3903997
4126516
4145586
4292101
4388994
4395546
4496380
4839894
4850502
4891266
5078521
5181240
5201092
5259035
5381357
5557529
5574207
107520
282596
680793
741018
2808901
2844005
2899746
2930908
2978815
3280053
3300377
3313338
3448999
3758762
3798379
4034254
4060215
4185979
4276883
4383533
4384907
4419019
4554141
4674994
4774162
4870715
5118453
5256450
5406955
5511218
5631126
5650826
5861710
5938268
785372
928145
1646909
1704881
1737177
1930831
2125314
3106771
3176110
3323699
3337198
3338942
3463293
3816621
4095522
4150158
4388794
4394974
4613251
4699129
4969952
5560478
5598886
5600821
5631550
5654326
5924112
5946214
863020
1635641
2444124
2713154
2809454
2817612
3404715
3924253
3969813
4151972
4178086
4203777
4326581
4435223
4508386
4756190
4794799
4868016
4909000
4959580
5205006
5211098
5275705
5330782
5518931
5729758
5778866
5922064
97054
210568
226754
680324
841139
1577921
1606697
1887094
2709519
2753834
2955223
3293828
3596229
3628124
3806963
3908621
3919287
3945674
3975274
4030793
4128260
4337992
4381527
4633427
5018690
5080559
5108723
5147794
5163993
5215629
5239525
5337381
5421448
5479634
5483466
5513809
5568382
5701022
5707692
5769710
119652
759418
1272471
1741726
1748151
1890510
2420794
2704364
2719628
2727596
2737587
2749131
2776308
3287001
3359755
3499717
3686349
3687690
3711139
3748344
3883656
3976755
4129899
4379394
4380321
4399517
4583773
4676595
4933697
5017259
5091102
5092252
5200672
5493403
5524859
5724294
94363
99633
394385
905673
967399
1135253
1477489
1575235
1885624
2717839
2737325
2741856
2748947
2771531
2792359
2813754
2978652
2978758
3072494
3214495
3336613
3418715
3502882
3777308
3790895
3838508
3841750
3998163
4019027
4105083
4127160
4138604
4640799
4716590
4730844
4763477
4853073
5033302
5224211
5312326
5375489
5422519
5856815
226721
907843
2398705
2684851
2689736
2882559
3194912
3243138
3574062
3808919
3850366
3914920
4041852
4430306
4499867
4763405
4916979
5162278
5305062
5477841
5700378
5721958
5997224
2698311
2734845
2767031
2770176
2787925
2823037
3012972
3703918
3751088
3945203
4047617
4202978
4358692
4460071
4565829
4895789
5079009
5321223
5329659
5452969
5537269
5566874
5821685
5853930
5890104
6060018
430080
436149
874517
1104483
1369097
1685940
2716647
2822588
2830654
3237631
3273866
3277861
3604782
3748850
3768277
3778307
4000473
4663596
4688736
4766294
5034486
5125928
5202603
5414261
5464200
5465742
5473994
5853642
5979901
5999810
6052322
762832
1578813
2744033
2830232
2976531
3091765
3292813
3296193
3334044
3441007
3695963
3753694
3830966
3920878
4100592
4110049
4172605
4177397
4192902
4219489
4663767
4663867
4738748
4790063
5047291
5218763
5270272
5271116
5320801
5387643
5476256
5974225
226587
1236691
1575310
1637351
1880314
2622907
2691117
2718173
2740799
2747914
2779655
2823093
3120085
3265071
3266331
3365796
3366499
3439705
3633781
3900871
4120590
4156667
4159209
4385639
4728222
4766253
5472640
5514878
5695710
5761292
5916532
5917552
248045
1218970
1444871
1575677
1575898
2424112
3203753
3253353
3343719
3719943
3748231
3877648
4248661
4491833
4835269
5249728
5321175
5360426
5546974
5784079
105386
119687
1502640
2032844
2712525
2844999
2905469
3375318
3771283
3974355
4106974
4527088
4601485
4621988
4751468
4804528
4971194
5248666
5454182
5729508
17009
73829
227875
439322
494600
2414483
2697483
2703898
2739979
2748804
2960328
3222043
3857903
3969207
3989576
4052416
4063120
4426797
4759043
4840104
4910495
5002127
5293417
5297302
5333075
5567955
5919836
441658
1060259
1281144
1570575
2027059
2729855
2782547
2836766
2965495
3030065
3237496
3286953
3296192
3387472
3436575
3551858
3564081
3608940
3925831
4003625
4045286
4090677
4103802
4157570
4337195
4393802
4407065
4674762
4760058
4886337
4966196
4966790
5372303
5475082
5672507
5829114
5843743
6062079
327857
457623
496664
1423847
1576999
2804782
2860272
3535185
3693642
3862791
3986081
4039697
4186210
4248751
4316957
4390253
4515901
4964662
5402248
5759725
91492
227294
349537
1356236
2336156
2435603
2441160
2690862
2755564
2783432
2804644
3070372
3351790
3358640
3561399
3599856
3777992
3816374
4047652
4087579
4323492
4417887
4695952
4700404
4716167
4880476
4898959
5152243
5368866
5573443
529475
929469
2717315
2787706
2926676
2953274
3313508
3360714
3383654
3422526
3561815
3918540
4021328
4154825
4226181
4249680
4636388
4648550
4779069
5132939
6009843
229499
1578010
2679810
2686086
2754520
2973337
3178373
3362245
3363512
3413903
3529656
3634591
3835732
3850712
4106065
4175624
4409574
4409890
4757982
5275437
5443680
5488220
99469
1271591
1578002
1639473
1686468
2038465
2549860
2749448
2749815
2749838
2812400
3001695
3287773
3509145
3643746
3699361
4318375
4388492
4426279
4652463
4968920
5076073
5273644
5420907
5745728
5749409
5882090
5912655
1415732
2025175
2704630
2753646
2764147
2836133
3190742
3339498
3691366
3987864
4069828
4155759
4284699
4357810
4433818
4667377
4721483
4877601
5103535
5333263
5725650
777256
1419897
2012778
2471922
2726133
2747132
2782257
2844851
3389050
3494486
3634816
4034300
4093493
4102298
4155230
4186148
4187339
4310638
4699034
4756631
5335837
5627002
5825049
5825647
349852
1578990
1768802
1926608
2485975
2749665
2778406
2820977
2883911
2936283
3042047
3114201
3297551
3436830
3816510
3946561
4283255
5034254
5223894
5345821
5813842
5871724
105501
256731
929445
1041760
1608985
1611455
2505100
2686515
2742393
2779704
2876363
3361325
3538667
3748502
3837791
3896827
4040271
4903020
5458371
5629641
5775634
5808536
1491655
1501168
1636057
1655737
2699747
2759002
3114634
3162132
3277833
3360303
3381245
3490662
3644447
3648626
4057340
4073038
4622556
4708006
4903760
4930450
4995456
5067096
5725655
74270
252316
327706
1577729
2164615
2688587
2714774
2734661
2741598
2815370
3214516
3251059
3938487
4021956
4136926
4403481
4502862
4510685
4726982
4867781
5253504
5424019
5624080
227786
442164
1578958
2558408
2730605
2731702
2734099
2790749
3162465
3181155
3764764
3840310
4113833
4115024
4315603
4456407
4523246
5059884
5149727
5318674
5418662
5487181
5564232
5714492
5721894
5855536
5920095
5930321
6027159
406163
1117563
1454647
1635791
2477605
2705101
2908816
2929808
3359270
3769860
3772844
3808548
4035167
4230615
4968915
5747591
5958214
1207321
1260096
1510863
2691874
2700381
2766818
2770545
3386315
3408541
3469826
4096814
4415578
4499576
4900940
4912196
5240156
5419060
5499818
5724519
5754937
5848064
34515
59408
598340
923841
2711321
2748427
2769246
3404937
3674427
3679161
4052569
4171870
4262757
4274471
4403632
4573625
4658143
5117579
5486119
5692018
5766493
32478
226986
1576559
1597913
2715754
2750367
2767715
3020837
3365427
3396382
3600448
3644436
3657013
3704406
3757175
3811404
3922315
4115570
4411218
4516303
4740894
4812783
4966556
5388970
5467391
5487144
5586750
5633496
5865102
126039
252030
356007
432859
497080
713942
2743063
2757350
3174483
3253436
3585976
3740674
3818528
3858051
4009462
4123411
4178556
4380560
4404262
4415670
4584392
4846098
4976148
5113177
5885285
6008855
228013
270809
1502707
2139090
2161553
2713153
2744688
2749481
2806062
2852726
2933613
3160055
3828008
3851913
3885753
3991607
4044137
4177819
4262110
4712374
4978802
5087973
42230
1147556
2290361
2298525
2424069
2765711
2781988
2906316
3195811
3243160
4013778
4075555
4102047
4192668
5131568
5255252
5290916
88193
308912
497072
591766
1498391
1575482
1705344
2783770
2853930
3157665
3226580
3227271
3331053
4001741
4178492
4384187
5044375
5063899
5353609
6032017
6040950
429033
758715
1109851
1294827
2798448
3731547
3951998
3985367
4084407
4105661
4105938
4187646
4349611
4759980
5112606
5468836
5793422
2317708
2687010
2722752
2727068
2743637
2756481
3918654
4122427
4231987
5123167
5123736
5334489
5469913
6013457
1637821
1754852
1821240
2033501
2712362
3350973
4019894
4051803
4085698
4388873
4521160
5116596
5414859
5650100
5860843
5954536
6021070
78059
429602
1011105
1837890
2704766
3323687
3542616
3656205
4668555
4793775
5315814
229550
327251
1434365
1740651
2490879
2771170
2964432
3388625
3445028
3450858
3660453
3748703
4031345
4149215
4269424
4731936
5565536
5733591
440937
1622368
2688470
2750969
3284248
3361510
3999016
4154345
4379188
4771120
5285155
5290088
5481875
5660207
5852804
6021862
226673
1491244
1575909
1575953
2390778
2754359
3083508
3103554
3755634
3798969
3895903
3969977
4115649
4393610
4588195
5297996
5671073
5786002
1576986
1577761
1578525
1862603
2697611
2777525
3406605
4549560
5047947
5749882
1392816
1640623
2472451
2696986
2723398
2747579
2780130
2822084
2893913
2965239
4058279
4164511
4535287
5731749
440665
1391539
1499595
1577446
2115021
2713778
2739449
2779580
2953313
3200216
3250123
5324027
5353910
5734730
5813760
5836704
5859345
437174
437591
1098920
1846694
2422749
2706159
2842043
3776077
4564079
5631492
513581
1754808
2297322
2715336
2814370
3334552
3489460
4241685
4381325
4885462
1640607
2694294
2772706
3225721
3242295
3423510
3871324
3992052
4565237
4921689
4977233
5691296
5863377
1509862
1636548
2727441
3244833
3545002
3888962
4162637
4390889
4452182
5260718
5324381
2539435
2748195
3232082
5250257
2467190
2857344
2964624
3038717
3445203
3657818
4203211
5368537
89969
441824
2706724
2748064
3672197
4211163
4241927
5123907
6034272
922523
1916598
2775711
3436276
3824519
687390
1576967
2689338
2750274
3374586
3723888
3864950
4506093
4931360
5850670
1503583
1577789
1578677
1588795
3266784
3297502
3791223
3871015
4888890
5321462
437593
1127201
1576193
1767070
2437836
2762836
3292680
3469106
3646994
3870473
4565988
4686359
5544405
6055570
119571
457979
555535
3475774
4289168
4398522
4462493
4980018
5401878
432590
1577127
2046635
4086943
4785712
4806785
5939943
6062341
1263006
1575258
1601625
1864899
2534316
2724345
3251475
4004924
4495141
5082622
49363
431761
1335269
1917786
2698205
3886006
3893440
3933665
3955315
3981742
4438366
5398560
20558
912671
1487679
2765938
4000049
5820203
2044558
2204472
2554038
2703340
3625165
4423039
4738411
4742907
4943245
1659867
2497136
2733947
2738055
2753884
3656409
3669522
305816
437041
610557
1226557
1826209
2448888
2841833
2957629
3645057
3805832
3991811
4070882
4107386
4613065
4968594
5134262
1934111
2699375
3220854
3423117
3874294
5226345
5399478
56918
331077
2690583
2834197
3647081
4000025
4105649
4304079
83310
1465040
1614442
2764039
2776774
4741866
4945592
5551698
435987
1427613
1577705
1579030
1619003
2465246
2858734
3963765
4899745
1576284
2741733
4116290
4191925
328812
435986
776515
2779343
2907573
3047902
3969048
4007369
4051463
4199593
4282796
6018661
339282
1203292
1622654
1638077
3492685
3748567
3952048
4080419
429763
1233475
1578899
2743628
2752358
4383076
112949
409244
431995
433529
1684952
2738151
2771941
2963776
3786971
4689423
430154
434412
1648334
2531848
3565425
5088738
5994491
332438
359811
421404
2735675
3172541
3618664
5406265
113626
1911880
2694991
2758299
3047615
3138634
4001380
4387461
1576003
1577642
1754825
1904862
2493316
2862897
3403403
3456626
1577661
3367197
4121836
4386911
4799593
5765199
633686
912286
1183694
2783673
3184033
3253912
3970733
4213834
4375663
5060740
5569206
1636436
1994053
3359764
4564111
5683442
5952021
1428380
1577125
4605966
4638924
5686255
297318
1234467
2277563
2738905
2778909
4179286
5377058
429521
432136
433083
1578504
1641024
2734387
3329343
3384785
3860682
4402469
5069523
5326074
298626
431009
642511
663873
1041223
5500805
297864
438977
945634
2704660
2772107
4658759
5481772
284145
297416
434917
1578438
2790224
3702718
4289254
5361449
440667
966484
2471685
2557745
2822469
4395600
4633331
5867944
679875
1635737
1899854
2737907
2811463
3758745
5571133
331503
1429974
2464898
4238722
708818
1280599
1575703
1577217
1639427
1923143
2771706
4451663
4510775
86997
1576162
1636021
1638817
1662802
2407340
2733304
2989153
4544806
5869070
1635762
1937372
2468327
2741649
4004189
4876512
87483
355991
776745
1578768
1918876
2295207
2751942
4008052
6035564
434042
1427653
1576286
2294441
3178374
4994481
284436
441130
1576841
1637059
1637359
3436564
4148955
4522752
5353500
2166035
5808644
99552
433822
450599
681017
3447785
3567701
3945484
5352223
440398
4183082
4384473
5948614
454149
1578520
1638411
1873179
4695583
686587
1913271
2930942
3253446
4664443
4725142
3149587
4899048
304895
437592
1440413
2746970
2933612
3388180
3640226
5509185
5510451
1639606
3463244
4436210
5768178
1034978
1635092
1638889
4407175
5339021
429250
1577657
1810846
3638225
3669279
3913535
4508142
423121
435830
2753572
3386453
4563117
99435
441661
133103
433892
1502765
1576207
4378490
1767464
4128176
4436118
284002
1260079
2446469
2745536
3184594
5891673
422801
1576557
1640466
2732951
3727329
4085344
4133401
5872229
300343
300607
1575512
4322952
429413
1228708
1744677
1913663
2372834
432329
2103727
5963779
435903
440393
2316428
4237070
439420
1637156
1639072
1639143
925963
1447392
1620393
3347700
1749152
2321378
1307212
1579033
2315749
1921594
1922947
3430426
461757
3614572
4068490
1576642
1640891
1925730
2306003
5287556
436762
2736202
430867
4292016
1636814
4661440
996169
1916344
3924451
5083901
5643857
1097788
1577366
431537
685147
1635995
3867139
4380622
298356
2800701
1223667
2316431
2802961
4089147
2443825
2793806
3361528
3916267
4747398
118170
438760
583178
911943
1640400
2424800
4570714
306244
1588800
3168266
3947825
435179
1576112
2389968
680781
3382256
1579046
2739882
430864
435067
1068571
3611346
434676
913006
1577799
5243190
2465814
3106200
4694799
437187
1640074
1648962
2294895
119609
419841
3665008
119581
1640163
447514
2750620
1578162
4681640
5037757
438500
3249523
3482446
3922958
2824142
3721192
1918552
5820961
1577057
1575532
431211
2502773
1575821
682495
768593
304974
330832
1578329
3601223
1635251
1966703
3751097
1635728
3200512
2315234
2375111
2900442
3030416
1577826
119682
4384271
1635072
5041848
1577720
3733061
1578984
1576613
2325806
3386151
2473102
2470876
2756615
3163125
3605511
1870223
432060
1578326
226688
1638255
4057448
4090910
2746145
1578507
5379529
1265877
3537449
2424634
432939
2781339
1576745
713051
1578518
3863787
1577719
3094225
4065186
2377094
4413501
1578713
1501568
2472319
357911
1578911
1639040
4531324
2421867
4177036
347235
3689959
315866
1578695
2295137
1904681
3636677
2333068
2463793
686387
1635562
1640998
1638025
4411015
547329
2564189
1268950
487401
2375044
1978605
1578502
2390786
1305564
2655038
2533250
2677405
2480090